3.505319265877048229e-01
-5.160127460703339830e-01
-7.441505175215774592e-01
-4.762938430763044018e-01
-8.057780486621142213e-01
-6.846063610965379409e-01
-5.979021715063508324e-01
9.284151490873711332e-02
-2.164291703153508051e-01
-2.577178181905217524e-01
-4.994201992074169261e-01
-3.124655587020320202e-01
-5.802282878986824155e-01
-3.309128884884847133e-01
1.233842666809558963e+01
1.246028364527460019e-01
2.224737177745481631e-01
1.573588695483678079e-01
2.223870505419096866e-01
2.084174518719005831e-01
2.229672819257564609e-01
1.613951137643628020e-01
2.356133245474785198e-01
2.333560309459236926e-01
1.568410100771977789e-01
1.513934613966872178e-01
-1.089961761302005866e-01
-2.692825689442976400e-01
9.896400056805598061e-03
-3.198095553075629427e-01
-9.756450035291184264e-01
1.638697343834862319e-01
-7.462803783945775038e-01
-6.278202727927779947e-02
1.066905025134956553e-02
4.015956971390475805e-01
-7.403178062703719142e-01
-5.612380170948056968e-01
4.756200909005521837e-01
-3.526695703918397706e-01
7.039504946897241766e-02
5.557692355431016473e-01
-7.348552698639733427e-02
-8.194796609674516175e-01
-1.744688052349309126e-01
-4.659804276240187559e-01
-6.986014379020135667e-01
-1.325181080599518446e-01
-1.404711553043280214e-01
3.015788478834681430e-02
-2.914402473770764945e-02
-5.751165259287969178e-01
-3.559047031687093687e-01
-7.852817886739610342e-01
-5.070977624300239128e-01
-7.886173839631830385e-01
3.326781869244945788e-01
-7.816684223973976442e-01
-5.205914313877375577e-01
-5.501903355592510647e-02
-5.068646668309851888e-01
-6.563254826228399619e-01
-5.818980923805306960e-01
9.734749843097259547e-03
-9.437763360704942706e-01
-9.666664695830215481e-02
-4.510566027817474177e-01
-8.630177848880891123e-01
-9.094979155615712241e-01
7.437071645049059265e-03
-8.254554788784085329e-01
-5.750939577151906734e-01
-3.177118487408630426e-02
-2.156601482475744014e-01
8.771495044219590476e-02
-4.391991781011329032e-01
-3.707442551986242507e-01
-3.406279006115904284e-01
-1.995859465036103064e-01
-3.827356940854648726e-01
1.784484172429254278e-01
-3.335466900288155956e-01
-8.627251503641381047e-02
-1.087162071385528339e+00
-5.516237397986648028e-02
-7.547889901944760949e-01
-2.567985419866174457e-01
-3.239852690737139995e-01
-9.070418700745002116e-01
-2.365019102731593104e-01
-7.148114941144148582e-02
-9.838045773059127530e-01
2.797631583419703527e-01
2.249880366243327545e-01
1.495834145291724815e-01
2.896511884552817606e-01
1.939217994054745764e-01
2.139847563178960965e-01
2.291254186319811037e-01
2.789236519429038608e-01
2.544429747894088045e-01
2.133838058343842659e-01
2.222126141092221896e-01
1.499498726615886290e-01
1.786578375495377624e-01
1.935084045983984091e-01
2.162447830400303084e-01
1.240928801275176380e-01
2.184612096562542072e-01
1.888410564403961434e-01
1.050596052120422036e-01
1.661456290280103054e-01
2.913330317061464947e-01
1.321161090505003632e-01
2.392295200966731428e-01
2.516944535190033250e-01
2.002412166815654426e-01
2.240737817062378734e-01
1.977673756641180058e-01
2.389064626718007955e-01
2.743809260928895544e-01
2.157996381804445363e-01
1.228405268757455926e-01
2.348687129384778305e-01
1.490576974111229580e-01
1.457029569879053077e-01
1.703874656141737276e-01
2.661664223286054343e-01
9.520803406340229424e-02
2.752617890070256368e-01
2.098699994110175826e-01
2.069471050091757636e-01
2.457572802561598935e-01
2.607185419185432673e-01
1.935504769261080504e-01
2.635371290616674855e-01
1.981243049646329024e-01
3.913788493274695801e-01
3.799675991329242164e-01
2.094722246754196215e-01
1.783923724535653177e-01
2.711311897224040757e-01
2.645024916693450856e-01
2.769080952919862892e-01
2.504658716502916604e-01
1.407056787576860812e-01
1.458763079311843347e-01
2.863984711797539218e-01
1.752102437100025722e-01
2.274609928119299129e-01
2.317958105527409551e-01
2.396600791503563366e-01
-7.426813876040939677e-01
1.555621757290626961e-01
-6.600853714145566986e-01
2.575124273489430293e-01
2.016570257244010289e-01
1.485731390391329676e-01
1.888662956175025109e-01
2.536760007363824121e-01
2.218462407741375875e-01
1.293881459089675223e-01
2.194411003129008442e-01
1.790288301985205055e-01
1.900162711443937891e-01
2.338054447130789304e-01
2.397384783984277401e-01
2.050160115926895343e-01
1.623049626863211914e-01
2.102605036218860857e-01
2.386212763294642825e-01
1.750311688171018454e-01
2.074854835241721485e-01
2.655262085216189005e-01
1.675991322083122403e-01
1.841963566538070973e-01
-2.422914727872491070e-02
-2.943113339003702172e-02
2.388885495266267200e-01
1.777096638875682588e-01
2.441397915734958013e-01
2.554958689766536617e-01
2.651606124953951871e-01
2.534952882708451649e-01
2.112669462848599800e-01
2.703796418490202469e-01
2.115566902946992844e-01
2.673307324955667141e-01
2.540867419326407473e-01
1.855068890456674779e-01
1.080424688060785815e-01
1.594673238035639040e-01
1.868441319020284208e-01
2.107528863980266121e-01
1.954110191838566990e-01
1.820853519674214271e-01
2.487692436100059912e-01
1.889749920849120579e-01
1.606957140431602982e-01
-5.701954397701501920e-01
-4.441508195268181747e-01
-5.806606798796133395e-01
2.876107118674376198e-02
2.565406037429424080e-01
2.847539533668056594e-02
-1.737823794448623005e-02
-7.643617661523190165e-02
2.633116790825669740e-01
1.488541002912046884e-01
2.274917400239405973e-01
1.071661209666002618e-01
1.430926430932558668e-01
1.687397562632982628e-01
2.347397462621204078e-01
2.492109004052321664e-01
2.119315604933666441e-01
1.911755694404588812e-01
1.662359094300030760e-01
2.217645211712347686e-01
2.152862142072641538e-01
2.123771247693293507e-01
2.866625575910817236e-01
2.587938247065363351e-01
-5.340574890693950971e-01
-3.805966525458374106e-01
2.907374411977515227e-01
2.554867913635390231e-01
1.331242773236139820e-01
2.657800689294227414e-01
1.902909214848998165e-01
1.992076779570005618e-01
1.721831665890696250e-01
2.597176410287936887e-01
3.089675892373454080e-01
-9.143730956868659776e-01
-4.321349623101597426e-01
-5.318274535763470867e-01
-1.166078424150566173e+00
-7.241520096341222956e-01
2.292211125053420784e-01
2.273004246005353723e-01
2.227386189343796008e-01
2.433106185123733167e-01
2.011049044476851677e-01
-8.871369918770803942e-01
-7.695676750063811244e-01
-1.023802980555173214e-01
4.212533204861449443e-01
9.186643119494608545e-02
-1.050744896413917107e-01
1.582407243865627533e-01
2.349498404010150754e-01
-7.327702965620861431e-01
-7.055744223765375578e-01
-7.099464278411786733e-01
-4.677603248401853153e-01
1.983960248977501839e-01
2.580182724060764987e-01
2.396380439406091689e-01
2.131296139696258474e-01
1.938323080660499242e-01
2.073663664055645506e-01
1.962696959596156310e-01
2.687682538305644075e-01
1.962361543456688229e-01
1.530288273036942426e-01
1.965021305235637727e-01
2.299464650768839047e-01
2.133267243314722339e-01
1.123604796932070465e-01
-3.225511707946667750e-01
2.009567889305762800e-01
2.477914243277846151e-01
2.428298872078755721e-01
2.879602865307205328e-01
1.084824490861152763e-01
2.663619113441156872e-01
1.185336952293923746e-01
1.906538506929607579e-01
2.134121508338543693e-01
2.943674965349920569e-01
2.790882830170564044e-01
1.647286968204185742e-01
2.201807323002007433e-01
-1.363377116409193734e-02
-3.015818538995148068e-01
-3.554236683297354316e-01
-7.435372927799264176e-01
1.805200080794342743e-01
1.227849852206617520e-01
2.147845251689252666e-01
1.858863239593838146e-01
1.676851968495364775e-01
1.644783343722982794e-01
2.075395197743225006e-01
-2.971372691199828386e-01
-3.228671947092660588e-01
-1.122345652630186846e-01
1.525540446567403841e-01
9.733373638274370188e-02
-4.919224387197905779e-01
-1.530847467125491246e-01
-5.680033814170990514e-01
-8.556870515323150572e-02
-9.736166101556142927e-01
-1.622666300084455449e-01
-3.026242038551557254e-02
1.812920665428129630e-01
1.728759632656522160e-01
2.542993353467615236e-01
1.478353158038131776e-01
2.133954866402631156e-01
1.063087202614848570e-01
8.116473085791232889e-02
2.201893139816462619e-01
1.501015767024857783e-01
1.850481429047418636e-01
1.766930368661350503e-01
2.793008655371708171e-01
2.018438247762010251e-01
1.844490332053786985e-01
2.581469721090897673e-01
1.683859230902860771e-01
1.919596440570786600e-01
2.238182855294935103e-01
2.505855034889456490e-01
2.545674196708122561e-01
1.890658565115276857e-01
-1.105858683966475020e+00
-3.519670528497089584e-02
-7.077523666913251299e-01
-4.574205952581150703e-01
2.101888270466761854e-01
1.911911659082708992e-01
2.410549968031866219e-01
1.306188982573476265e-01
-4.413177314275693597e-01
-1.027036142573932997e-01
2.551500563961739965e-01
-3.772457141731877517e-01
-7.702186131571423511e-01
-6.303479227705600652e-01
-9.211536501709459424e-02
-7.585077376307759467e-01
3.666319892655675039e-01
2.131870413190317115e-01
2.881164985961278124e-01
2.367695805564659917e-01
1.415648592058822985e-01
2.431850389138001944e-01
2.627891362287321786e-01
3.049235736616381365e-01
2.653393490854621950e-01
1.649983990765185871e-01
2.749416088210414610e-01
1.178586677181729936e-01
2.739136576210408625e-01
2.349621562271698716e-01
1.817349246857463685e-01
2.359876498793198052e-01
1.691287613310863414e-01
2.941050958495504686e-01
2.746080011761205530e-01
1.641613980804861872e-01
2.483157371527951462e-01
1.939916475563635834e-01
2.239592270166284593e-01
1.960550886267050097e-01
2.348251300510975637e-01
8.058182247852990754e-02
3.137291977553051670e-01
2.573197165431239108e-01
1.935446882630038890e-01
1.961620672159063994e-01
2.131442833438060014e-01
1.117360052463269304e-01
2.505563722466466747e-01
2.560196723360613213e-01
1.254571087129914275e-01
1.340027656182336824e-01
1.742353152665715721e-01
2.387118001662573430e-01
1.832641761622765819e-01
1.894566910855284281e-01
1.673448889248262406e-01
1.769096232621507336e-01
2.182971698126065507e-01
1.523948488865466688e-01
2.302991869766509714e-01
1.862840021841812577e-01
1.306312913856719493e-01
2.719232579927702842e-01
2.497344681311026438e-01
1.897918556215981434e-01
2.177812562538176955e-01
2.237929421020456722e-01
1.513054920488068888e-01
1.941505501361416586e-01
1.635197906606888629e-01
2.616520656175914117e-01
1.327783660177472846e-01
1.323223658383088919e-01
2.103188880002740679e-01
1.876898369847328218e-01
1.958924850790909056e-01
1.803056135189828602e-01
1.772161583926863404e-01
1.955590234335848887e-01
1.681447359992364332e-01
1.283666130577144904e-01
2.896184006802141053e-01
2.308301705628171829e-01
2.713825122431102188e-01
1.918651218284410098e-01
2.723998415408014351e-01
1.967269211371195925e-01
2.022330839359145760e-01
2.281240571552447249e-01
-3.694377665234752084e-01
2.333697978314644983e-01
2.228142373103261520e-01
2.177895695820307453e-01
1.780524833386812888e-01
2.349591137951801967e-01
2.068603713946236822e-01
1.525053235981711497e-01
1.856984648430566875e-01
1.975784617666979104e-01
9.135028281805127048e-02
1.267104813093520299e-01
8.477710699559153074e-02
1.952057524797842225e-01
2.227982060761903860e-01
2.209099441521171492e-01
1.806477862956033242e-01
1.985643034551816677e-01
1.918347064903390686e-01
2.267569318449602633e-01
1.403519281765190085e-01
1.533021294583255811e-01
1.267612672313266631e-01
2.025595812633103898e-01
2.388046638804373345e-01
1.073523958704264841e-01
2.006879281415138716e-01
2.065512090836445214e-01
2.539983787069799437e-01
1.550632961605341587e-01
2.232705075898563651e-01
2.243661182749829286e-01
2.790923977102744979e-01
2.429272241698403612e-01
1.019309935868068229e-01
2.394460294602514250e-01
2.622063247890056292e-01
1.475636448735438977e-01
2.416966353228497677e-01
2.400977910824282358e-01
2.467960668522813372e-01
1.551528805318624638e-01
2.480169276335708883e-01
1.444737179727240417e-01
1.769723253639397809e-01
2.614212285347091158e-01
1.798960991839372026e-01
1.396949413832759279e-01
1.277919565762559440e-01
-5.663039566372020106e-01
1.837005031856558945e-01
2.256970670220761199e-01
1.753736740670388261e-01
2.073804754858293575e-01
2.102897225857520980e-01
2.430509963946370922e-01
3.221419516278982154e-01
2.020098715914748488e-01
2.476463666370117833e-01
2.464511529498031595e-01
1.785477906288701899e-01
2.421411927854895396e-01
1.530696157923940592e-01
2.313308333352704915e-01
1.110252741090903134e-01
2.115259128921990750e-01
2.031067186107638478e-01
2.668169421099780836e-01
2.449122049181616800e-01
-4.513401550663796724e-02
-8.320356429894042449e-01
2.515820434639545189e-01
1.284694574285998592e-01
2.075223308787007281e-01
1.482998164229293314e-01
1.288333794456666404e-01
1.940948824265257000e-01
2.382994591797506778e-01
1.401526260127099743e-01
1.416820121627398454e-01
1.914622498900439007e-01
2.263801379882097731e-01
2.252563539004300286e-01
3.084681794722857751e-01
1.898312200189129217e-01
3.152452813817149258e-01
2.250317130516473196e-01
1.818883430087803732e-01
2.476129915683367433e-01
1.691886384850912473e-01
2.472721661924905112e-01
2.844557152653207632e-01
1.871499300483580042e-01
1.897619141273394205e-01
2.635047012239030151e-01
1.066336967220574278e-01
1.258735670566825671e-01
1.353119260447208649e-01
1.550834666836457820e-01
3.368178716453737453e-01
1.704663765592781266e-01
1.346393961186709565e-01
9.464539840781954760e-02
2.480505197273981666e-01
2.600436976559322710e-01
2.244566348704659375e-01
1.640105428048266867e-01
2.187771056173524464e-01
1.599718310235851149e-01
8.142200106806866955e-02
1.690044889119456384e-01
1.744296104048116136e-01
1.652578185347785555e-01
2.396008545680133606e-01
2.047387991401032059e-01
2.437788382648511942e-01
1.618615687513739465e-01
2.443196544442457208e-01
2.099246056620774903e-01
9.394043779130969996e-02
2.888625691575842369e-01
1.716939197094751457e-01
1.833619281435045767e-01
1.747459449089617256e-01
2.288211984703483193e-01
1.489193589313611288e-01
3.460513146917300054e-01
1.622990399124514260e-01
2.126302240971502111e-01
1.682935518894457527e-01
1.766064576862685087e-01
1.891511290662912237e-01
2.119275487115098722e-01
1.642293716876925269e-01
2.592025084670753765e-01
2.630268936671027458e-01
2.091244570762104127e-01
1.288726228410979058e-01
2.055366920845936585e-01
1.771140498889670900e-01
1.923682767065104937e-01
2.316974645229401553e-01
2.500373166046764850e-01
1.804446585906037681e-01
2.689579816098001674e-01
1.500437459727022860e-01
2.304930725295759597e-01
3.049541383268820627e-01
2.034135839926285161e-01
1.503505566494201529e-01
2.260856841117178107e-01
2.467861841723172633e-01
2.505895159874425571e-01
1.933517513281716171e-01
2.934658759212357415e-01
9.580918027374255019e-02
1.597461688110861922e-01
2.247765830128740927e-01
2.640614147048760962e-01
1.727087050167089854e-01
1.603567745795397848e-01
2.143319007613986860e-01
2.127162143354299761e-01
2.322559938640274546e-01
2.299531768094263406e-01
2.054391954213149185e-01
2.382784876379328010e-01
2.203732860120191928e-01
1.834799712026725649e-01
2.505867342075742688e-01
1.413356645385603627e-01
1.495876325658367090e-01
2.255185531319800762e-01
6.230372928114912001e-02
1.462536051940263038e-01
1.948947278105757908e-01
1.039496609907998304e-01
2.632246500973849934e-01
1.883724085456383868e-01
2.765153324908357635e-01
1.914396120866276585e-01
2.207524830139733218e-01
1.328709126184392519e-01
2.402822418139013150e-01
2.115969806470907322e-01
1.306589101910350381e-01
2.149392942844453314e-01
1.676706302931488535e-01
2.232603479966979165e-01
1.197600568849138264e-01
1.711358398971950801e-01
1.535692438027051465e-01
2.915111972758633319e-01
2.659116732791754201e-01
2.899988519336410553e-01
1.169442576765082065e-01
1.822674686688924572e-01
2.987342057155139008e-01
1.739310165865355640e-01
2.231044197340995294e-01
1.991666384359173092e-01
2.236086263799580698e-01
3.229045130081222292e-01
1.515155300859781506e-01
1.919941268813521729e-01
2.009126911697202977e-01
2.580599483749801970e-01
3.326503615205631537e-01
2.464719169728442905e-01
2.761452130312920250e-01
1.379798413281639602e-01
1.879732529435159949e-01
2.213482944459983226e-01
2.223863014446164632e-01
2.728816148873822733e-01
2.062090011199582407e-01
7.658480443578198626e-02
1.737137517216927052e-01
1.936569205869591581e-01
1.138639450441385481e-01
1.467817346498044573e-01
1.748190988001080692e-01
1.717746217851482127e-01
2.540618954769445215e-01
2.275074481229922563e-01
2.709962209406582279e-01
9.672570846630440533e-02
1.921527004895413060e-01
2.369013044651168132e-01
1.385198531152793955e-01
1.723480014131545113e-01
2.242419289959652617e-01
2.043006696642705733e-01
2.327214057173487560e-01
2.499848874800102427e-01
2.238570667026188454e-01
1.654720470750018213e-01
2.481214736084903782e-01
1.342308420023216875e-01
2.113021102870382695e-01
1.934894646010616726e-01
1.714095700142702627e-01
2.066469526045737470e-01
1.355051251227051001e-01
2.674483452577269826e-01
2.286468144570588668e-01
2.279904653267350589e-01
2.174691108157077724e-01
2.203381134231548744e-01
2.696569626582305257e-01
2.485821802548220660e-01
1.782286863298471746e-01
3.624016217874192480e-01
2.249571827045512284e-01
1.561873235121839232e-01
2.089933224807565548e-01
2.210057879755962240e-01
2.577032685287506952e-01
2.101756767893647182e-01
2.957693846395845760e-01
2.139450915587135515e-01
1.861368747647471900e-01
1.823260993199999902e-01
1.754904801901089884e-01
1.947171807396442245e-01
2.155684611924716387e-01
1.340065685566035891e-01
1.534103219312289434e-01
1.641053586015628896e-01
1.494836955042746773e-01
1.825766577078289654e-01
2.372972465335792536e-01
1.959814690592719399e-01
1.584184305200145026e-01
1.850095058080775123e-01
1.671810288157847268e-01
2.226348383625534888e-01
2.142260007363454566e-01
3.082667616964818724e-01
2.209799133039087038e-01
1.699706331352876798e-01
3.253021006180334407e-01
2.493405767375073689e-01
2.535454512290629681e-01
2.803168560955107691e-01
1.962119635614829050e-01
1.029024113219157155e-01
2.187393619581349535e-01
2.350582825672703213e-01
2.395207426490073288e-01
2.077040198307631980e-01
3.160556078170676519e-01
2.227217138686878872e-01
9.752369161864245239e-02
2.124750060042983613e-01
2.132358854786761682e-01
1.912923903768810052e-01
1.934705285941136499e-01
1.013294119166326668e-01
2.041497895847862176e-01
3.833222190564420373e-01
1.752855150583797761e-01
2.075339436820997918e-01
1.699612991219630609e-01
2.630285358017958042e-01
3.570021793074742433e-01
1.862179149076577667e-01
2.233442911069305481e-01
1.673689936713829429e-01
1.868084609364292492e-01
2.089349383190802212e-01
2.131983262235277732e-01
2.003610145944388909e-01
1.765990323230892944e-01
8.328508253511270054e-02
1.817150599788576459e-01
3.128820474671382690e-01
2.864783868217415375e-01
1.830721368561495643e-01
1.860423507155156975e-01
1.422341209642564164e-01
1.448835775778213319e-01
1.891460829032253765e-01
-1.206224452124252666e+00
2.765605467989398214e-01
2.095376839100749344e-01
2.064312905575338697e-01
2.012244916828596908e-01
3.332545762398597677e-01
2.633462740265095636e-01
1.739416162600086746e-01
2.930309914757455725e-01
2.681894350106037161e-01
2.480031076227326159e-01
2.572693250691380773e-01
2.082707117714233114e-01
3.284181297076863015e-01
9.356407941393653227e-02
2.196838513327348530e-01
1.897866129901570886e-01
2.093266177934101913e-01
1.927251306800888964e-01
2.118460613346651866e-01
1.812964803532259583e-01
1.544500810398128088e-01
2.748397267383900222e-01
1.327758946870278844e-01
1.542296447152981254e-01
2.113678156356569582e-01
1.477355526447878820e-01
1.723724550134510258e-01
1.794614120911181554e-01
3.021849760486097214e-01
1.780776510609521357e-01
2.827286796707569327e-01
2.142364903882788274e-01
8.815134361352684744e-02
2.449114909814534002e-01
2.268147002107523125e-01
9.223012452416029516e-02
1.870348384668461261e-01
1.902417903578659808e-01
1.922203481264059821e-01
2.448466723383489752e-01
1.640038182147671442e-01
2.526761672086068611e-01
2.985695159214660777e-01
2.127788383183208953e-01
1.732696847948190511e-01
2.552439679026117236e-01
1.439974389123760690e-01
2.289445453631777927e-01
2.288387333909509824e-01
1.978294615955696334e-01
1.318194962986171115e-01
1.343279354228410771e-01
1.821419449928753931e-01
3.415089017388784343e-01
2.204892512640742319e-01
2.353313372600572551e-01
1.660797454120047090e-01
1.885212053220450823e-01
1.420129362371229942e-01
2.227868261239677738e-01
1.950984492331298836e-01
2.797914073651868172e-01
2.078916904465986371e-01
1.873393360660624285e-01
2.219020197557300400e-01
2.819019059103622937e-01
2.078900914824761692e-01
2.315019498217708860e-01
2.001324310526997330e-01
1.142981918980072314e-01
2.323144798612133133e-01
1.351470917670235528e-01
1.152946278814825226e-01
2.392888325633985569e-01
2.274230802543588947e-01
2.623765113698875995e-01
2.181923938052034717e-01
2.308549337181637906e-01
3.089895368246626250e-01
2.358933964669989447e-01
2.393092409444439461e-01
1.093059432775407430e-01
-1.630537545742056504e-01
2.445765905440196730e-01
2.256548189479148925e-01
2.600720867236126499e-01
1.420084034262260875e-01
2.829052612051181637e-01
2.710051914486675817e-01
2.102521489828602375e-01
1.804625208110123280e-01
2.485129801565090224e-01
1.486068494037951215e-01
1.897190373256723295e-01
2.075926425853380775e-01
2.242906835662910048e-01
2.176672173250604192e-01
2.264257915402342614e-01
7.520767593071422952e-02
2.473154305676748821e-01
2.049926750706942691e-01
1.442914713879808186e-01
1.455232802713432583e-01
1.318879299532021987e-01
2.210745488838948281e-01
3.155712011675407269e-01
1.777450996928626181e-01
2.716472815007850983e-01
2.068297663994662638e-01
1.713823776293413037e-01
1.645731494586504251e-01
2.940664184104891943e-01
1.966689029338899997e-01
1.707959403540675603e-01
2.039168016408504369e-01
1.447744968478609784e-01
1.136327359416232502e-01
2.560850238855010286e-01
2.221458347552614787e-01
2.709938454989096468e-01
1.958617802551561315e-01
1.516933864296700629e-01
2.308422508133399498e-01
2.476541859500258347e-01
1.973623213312540314e-01
1.731836193966628523e-01
2.020179508750941100e-01
1.913258274990241037e-01
2.892722876057891579e-01
2.706956792036307458e-01
1.588278037940966947e-01
2.702040713096112712e-01
1.931480397293568740e-01
2.002994182336587936e-01
1.871459232092176628e-01
2.413978873139988324e-01
2.655087485607904862e-01
2.632142780510976499e-01
2.700679419817989535e-01
3.108008486124184677e-01
1.859573240280181505e-01
2.236502373308102698e-01
2.094094073724583338e-01
2.209711883869875659e-01
2.538613448384706150e-01
2.357452596197857075e-01
3.083442598058684925e-01
2.078241495768464731e-01
3.252410387090031163e-01
1.993141172689599228e-01
2.032989803634591419e-01
1.891024060696165909e-01
1.361787886536947323e-01
1.526784413363077575e-01
2.314282279127299613e-01
1.826194618292769634e-01
2.448401015441619144e-01
1.216763241729472006e-01
2.119235114231344808e-01
1.659067685471952158e-01
2.780338132353203928e-01
1.859000368559196870e-01
2.211364782740893875e-01
-3.761940002596450006e-01
2.283226539552216106e-01
1.361523152600347675e-01
2.283833017445723590e-01
3.254683143223533470e-01
1.870739313522920277e-01
2.115319907105459307e-01
2.414766748245404937e-01
2.267068276367781021e-01
1.834854563261017479e-01
2.233460270758146349e-01
1.779447089073160626e-01
1.623735460392920493e-01
6.294671176832167259e-02
1.864979128459131885e-01
2.730885357712634631e-01
2.509720734657637786e-01
2.045659602393025411e-01
1.153778388495357507e-02
2.232844383262718446e-01
1.679202767194713786e-01
1.651135218586382569e-01
1.712664319681181657e-01
1.916667524032371617e-01
1.970037223486371947e-01
1.768411471510963340e-01
2.820850861801907361e-01
1.851710168967632963e-01
2.466847716245982314e-01
2.688641484276573790e-01
2.057765573278665105e-01
1.951171873337845808e-01
2.395019211175407337e-01
1.480907712906072426e-01
1.706076270263292560e-01
2.491159533496239420e-01
1.770572093914008216e-01
1.207769281247780824e-01
2.517392774956111468e-01
2.151999165323904839e-01
1.581436504520586928e-01
2.618898354719191301e-01
1.897654416296879198e-01
2.623591540847027836e-01
2.352483474381402984e-01
2.412460531693839116e-01
2.112591750833359983e-01
2.836181862407708976e-01
2.196885366388457994e-01
3.647876182215045726e-01
1.007899556861506923e-01
2.111549549271614368e-01
1.386891544272626786e-01
2.579986502310160357e-01
2.893522507304515101e-01
2.884308963739333209e-01
1.301482899772954116e-01
1.589306804953952434e-01
1.669135782417928704e-01
2.411662009027743803e-01
2.191700677472378511e-01
1.513592086987816110e-01
2.221690523419296015e-01
1.643425693759128503e-01
1.630698091366443725e-01
3.368831594192926993e-01
2.942129089438997869e-01
3.079209008534056213e-01
1.583917044502967386e-01
1.443581320855245875e-01
2.251000815708504021e-01
1.541101593770893563e-01
1.834354307069238077e-01
1.976541080701352815e-01
1.747445789773590941e-01
1.767301942750449939e-01
2.388087784770263622e-01
2.249210607251462546e-01
2.420840028165129609e-01
1.957542276972732143e-01
2.708855603831881731e-01
1.412284284463782846e-01
1.346396244744363369e-01
2.316947447065046684e-01
1.487107195584026209e-01
2.786758851372472812e-01
2.020559640064079066e-01
1.476664005534420177e-01
9.268688567885401131e-02
2.246115998382358092e-01
2.951046079620017193e-01
2.800386405702694481e-01
2.224344241715105197e-01
2.631017071453536360e-01
2.879054791942622926e-01
