2.963683272882418805e+03
2.953292727308643862e+03
2.939880393554478815e+03
2.953241159533485188e+03
2.960158623135176640e+03
2.935035280515052364e+03
2.947261572758540751e+03
2.962476251263125050e+03
2.955425596341897290e+03
2.946104487862028691e+03
2.957937523586660063e+03
2.940980089091005539e+03
2.956556846673750897e+03
2.941748678167311482e+03
1.134188563802354111e+03
9.956303774332006640e+00
9.952264483314351651e+00
9.953968954983281492e+00
9.960113648250409568e+00
9.956273300376201618e+00
9.958433564718593090e+00
9.956774064299564131e+00
9.962756055640317854e+00
9.956453901806582962e+00
9.949614750078456638e+00
9.953500586837904507e+00
2.963599273357903257e+03
2.951985400820001814e+03
2.955960124330345479e+03
2.954993589553176662e+03
2.945132682201456646e+03
2.956402869418076079e+03
2.958901541591499154e+03
2.941336312632366116e+03
2.965559221579241239e+03
2.948970031407718125e+03
2.953300826492309170e+03
2.945719794387926413e+03
2.961512960624067546e+03
2.952152511253802913e+03
2.957335453215279813e+03
2.951889641275206486e+03
2.960641855601504631e+03
2.954034258228378349e+03
2.963331060787849310e+03
2.953701816740890081e+03
2.962084934233683725e+03
2.945003639292743628e+03
2.958786585997750535e+03
2.948574327312822334e+03
2.939487356568046380e+03
2.953893071361018883e+03
2.938197890327900041e+03
2.928191050709494448e+03
2.966334534267056370e+03
2.949718676067629531e+03
2.948195436110548144e+03
2.955483310685776360e+03
2.964391741045868912e+03
2.961598049706250094e+03
2.955263857531359918e+03
2.932531193738772799e+03
2.941362069825814615e+03
2.965258690709472830e+03
2.971223591900737119e+03
2.964623029821383170e+03
2.938344522435536874e+03
2.964185141502170154e+03
2.946711144873879221e+03
2.970288667232855005e+03
2.951129325003811573e+03
2.970176827439067438e+03
2.962540608603400869e+03
2.960136025545968096e+03
2.936270327985966105e+03
2.962415897897915329e+03
2.938256622952992984e+03
2.942500606688116477e+03
2.933973003974344010e+03
2.955419400709938145e+03
2.945228769349061167e+03
2.954564730742578377e+03
2.946071506261345803e+03
2.945090986365918525e+03
2.965095989363315766e+03
2.941612409856325030e+03
2.950331739870380716e+03
2.950856681192358792e+03
2.933878882882204834e+03
2.965254939537651808e+03
2.957455786721773620e+03
2.961224683199693573e+03
2.955206199278139593e+03
2.940877448115161314e+03
9.955471833682482341e+00
9.961198432439026362e+00
9.951035973215875075e+00
9.956884178836492794e+00
9.957325853476172384e+00
9.956219105404152003e+00
9.959621401554310083e+00
9.960807944329348018e+00
9.958940136692312706e+00
9.950929692778094804e+00
9.958075547252953186e+00
9.960182797868236904e+00
9.954273169051226944e+00
9.957751755746707900e+00
9.956132700314409334e+00
9.959842444407485118e+00
9.955966691771733323e+00
9.958348555718915307e+00
9.952790131712248467e+00
9.955529939240999937e+00
9.953650766907278680e+00
9.959379743416283404e+00
9.950807533112879355e+00
9.952982820356313098e+00
9.948943339306504541e+00
9.954489220218993850e+00
9.955038061204231070e+00
9.958224961370826023e+00
9.955191886464248796e+00
9.959879613642845797e+00
9.958586735936030720e+00
9.946803790969534376e+00
9.956577075749205363e+00
9.952474917705034230e+00
9.957000173518201436e+00
9.954396598650188110e+00
9.961087116455644264e+00
9.957759272568420528e+00
9.950686798595931748e+00
9.958721843717109223e+00
9.958212265606475100e+00
9.957946485590705166e+00
9.950233330552981315e+00
2.937472023777687809e+03
2.948180496822603800e+03
9.955682437900764015e+00
9.955382779315616659e+00
9.955212036306589241e+00
9.954025027819332294e+00
9.960913662074052155e+00
9.962498315749757083e+00
9.956334476601938377e+00
9.951604387702655430e+00
9.960516767736228516e+00
9.953671439729939507e+00
9.959262391116489255e+00
9.958842309202900367e+00
9.956665077369381223e+00
2.945080356079610738e+03
2.965635097788703661e+03
2.946974665994302086e+03
2.964602405085803639e+03
9.958613300080665809e+00
9.961212786482089854e+00
9.957146208026989243e+00
9.954712809102401749e+00
9.957297585084038616e+00
9.954588961446466655e+00
9.957199822471521244e+00
9.958656114853605246e+00
9.959063592387018105e+00
9.957857092114016595e+00
9.956054910751515052e+00
9.956628695503358273e+00
9.958940250973389752e+00
9.956101317948025553e+00
9.957673430057258912e+00
9.956857509077661206e+00
9.955527006208425789e+00
9.958839698984260025e+00
9.957512439532314019e+00
9.957020629186583704e+00
2.951274502606050191e+03
2.955987511782134789e+03
9.960087404092659469e+00
9.958994176553353839e+00
9.960294281443543341e+00
9.954405585943758794e+00
9.958222378016145626e+00
9.960716849682858864e+00
9.957580004900284720e+00
9.959863353793927843e+00
9.956627164557630749e+00
9.957201598671172604e+00
9.951660764145840332e+00
9.957372821865027035e+00
9.955128225142685139e+00
9.958996671039169968e+00
9.955950030460043010e+00
9.956318977489784672e+00
9.956986924059128441e+00
9.960198964215008388e+00
9.955299959274023891e+00
9.959336497875272087e+00
9.952026827101221329e+00
2.959084657109428008e+03
2.958235509909480697e+03
2.939901516296384216e+03
2.953493104932257665e+03
9.954453572451555488e+00
2.947185791826019340e+03
2.957062056810159902e+03
2.947881912557634678e+03
9.955127178711427050e+00
9.951775040063463251e+00
9.953781959002075297e+00
9.945594830526459873e+00
9.955783230139481077e+00
9.960602338941868084e+00
9.951483815510318465e+00
9.959115063773005261e+00
9.956757871882231825e+00
9.955753964485953844e+00
9.956210242214854844e+00
9.957487911542559189e+00
9.959182059428126621e+00
9.951641717092551076e+00
9.959080406868608293e+00
9.955942442001230575e+00
2.953718576207629667e+03
2.939948125346526467e+03
9.956572402476208339e+00
9.959410962588300720e+00
9.949671450673740480e+00
9.958672850024237633e+00
9.953460352619352136e+00
9.952531664251699439e+00
9.957779464268792680e+00
9.960523974413151294e+00
2.952999608831480600e+03
2.954386242325172134e+03
2.949628657944441329e+03
2.955321738603062840e+03
2.938478083042124581e+03
2.941826885789722382e+03
9.959011601427743443e+00
9.961568777041911460e+00
9.956143067811733971e+00
9.957476738455902421e+00
9.954942613894981918e+00
2.957477115682851945e+03
2.949317316874602966e+03
2.939142244886414574e+03
2.952385679250319754e+03
2.949874704501978158e+03
2.956564133316874631e+03
9.954750632358397411e+00
9.956316629033413079e+00
2.932986148792795575e+03
2.960571419294139105e+03
2.954120712585383899e+03
2.948050549628639146e+03
9.958469161365547606e+00
9.960282938025228461e+00
9.953301668053349260e+00
9.956601230447228446e+00
9.955119624215596374e+00
9.956295986611541693e+00
9.956599303931183087e+00
9.958126102962117088e+00
9.951850781389470768e+00
9.957025412728579994e+00
9.953106158592397890e+00
9.959276161261339411e+00
9.959838846124942080e+00
2.949333797657609921e+03
2.950814225108501432e+03
9.952714109418671740e+00
9.958566882471458825e+00
9.958619814684997351e+00
9.961002131708790230e+00
9.957063570689365761e+00
9.956005420366890846e+00
9.953659939049227745e+00
9.956463784471912604e+00
9.953198838599469411e+00
9.959427245121476702e+00
9.958953077778252450e+00
9.953024106898444856e+00
9.960028411288705641e+00
2.967783581120129384e+03
2.937642677691154859e+03
2.960632466664308140e+03
2.946971336950588011e+03
9.955779921967973678e+00
9.954878927235917274e+00
9.947800488948313813e+00
9.959824198071350665e+00
9.954977278269486973e+00
9.954539383705155231e+00
9.958559398633106241e+00
2.950372053412349032e+03
2.952485023465849736e+03
2.952054695349959275e+03
2.949085778495260001e+03
2.959955787326665813e+03
2.948474154160485341e+03
2.944392289765109581e+03
2.946774558511725445e+03
2.951493828098956328e+03
2.947649969079378934e+03
2.957457075214439101e+03
2.948022964273543039e+03
9.957823315334488612e+00
9.952401960088753441e+00
9.953355677064779528e+00
9.955663849214699823e+00
9.959097064896830886e+00
9.957124902900808650e+00
9.953833401188573404e+00
9.960419294289138747e+00
9.955338426864129175e+00
9.955833151481037646e+00
9.957247832558628886e+00
9.958732746342352726e+00
9.951713412959627192e+00
9.954755094607751431e+00
9.957486182465419944e+00
9.954240618051974465e+00
9.959494561375571209e+00
9.959244168547778386e+00
9.958813411075627897e+00
9.958036485657190795e+00
9.954508061109347494e+00
2.924524245985031939e+03
2.943445752834751147e+03
2.950747229110023454e+03
2.972567032032295629e+03
9.954405491002059847e+00
9.955127245262231028e+00
9.957086567759549922e+00
9.956291864632065725e+00
2.949188770561862384e+03
2.952037638760221398e+03
9.954993836188281264e+00
2.965721582826721715e+03
2.958891167492564819e+03
2.951352336163606196e+03
2.957541589812990424e+03
2.941021278971563333e+03
2.951181939969142604e+03
9.956878334744446946e+00
9.952805263886656206e+00
9.959642102209322445e+00
9.956002679497707675e+00
9.957039116191880979e+00
9.959916902463435306e+00
9.888154927529837934e+00
9.885996533162394684e+00
9.876900949865783375e+00
9.882561149752234542e+00
9.880646169398577428e+00
9.881279338385592581e+00
9.883959926357022141e+00
9.866977315766236600e+00
9.873786605311538622e+00
9.885732700726613587e+00
9.895426508178800873e+00
9.884685961269438437e+00
9.876402656366934707e+00
9.850451421135021590e+00
9.890256277165709875e+00
9.868739786947239523e+00
9.878850477111909001e+00
9.882810515884139946e+00
9.877201062251559804e+00
9.865771225710256331e+00
9.886150921941279535e+00
9.867978111931742902e+00
9.861526009706576446e+00
9.888467262042631489e+00
9.881828363607066734e+00
9.878370420591137346e+00
9.877843475510655225e+00
9.878722122436647268e+00
9.883217415752696411e+00
9.888428875452749622e+00
9.886787466363825772e+00
9.871392431460126460e+00
9.888876992324806992e+00
9.874945430055454665e+00
9.892445756124889300e+00
9.876479235877301477e+00
9.896023899762761644e+00
9.897616676962975646e+00
9.877797696499348135e+00
9.881743733206700853e+00
9.876228475553604724e+00
9.887283411211216233e+00
9.878637068362015938e+00
9.891267209912228964e+00
9.891174184439622152e+00
9.876912661384771752e+00
9.870311078494522050e+00
9.853733929203835729e+00
9.866054601281355474e+00
9.890448553201270698e+00
9.859352099123041668e+00
9.892567110726860236e+00
9.875473237373094904e+00
9.886060524389391091e+00
9.886746870945467336e+00
9.856694610427293668e+00
9.889029827994804123e+00
9.883177288268354843e+00
9.874428077937249526e+00
9.874083074648456915e+00
9.880310900965874055e+00
9.882644694778901950e+00
9.881943617863548468e+00
9.892421520466131213e+00
9.881510369202405997e+00
9.878479436639345579e+00
9.891609015502979219e+00
2.842107164036686299e+03
9.880953133738024974e+00
9.875779199901908001e+00
9.895467455666627998e+00
9.871336758495345975e+00
9.870114996371523119e+00
9.872406266235705274e+00
9.878144020177247242e+00
9.881525133352900170e+00
9.886349918274248694e+00
9.861450537015489459e+00
9.874736586538041649e+00
9.866471637785362958e+00
9.853904175339788907e+00
9.887987000362176815e+00
9.880364580111919537e+00
9.887354421820683470e+00
9.876673019704405476e+00
9.865102524621681468e+00
9.888595787295392014e+00
9.872998125119227808e+00
9.871997836672358417e+00
9.881760095604079197e+00
9.869137542902846505e+00
9.879801779251994986e+00
9.863121766541913971e+00
9.892857626321948317e+00
9.879299971492143229e+00
9.862911232410350948e+00
9.886847019904674738e+00
9.869047868957030900e+00
9.886664502226100382e+00
9.886398397923391812e+00
9.879306464211637717e+00
9.855640830247541118e+00
9.898275646211443402e+00
9.878483310631997583e+00
9.877387979177127519e+00
9.887818867054495087e+00
9.876430999774161279e+00
9.888387874128293120e+00
9.875536850506637876e+00
9.893778138348960027e+00
9.865857838681451497e+00
9.890676862836295768e+00
9.888119384167008974e+00
9.864065043226263541e+00
9.859279015142229596e+00
9.869094851213278119e+00
2.836471927885659625e+03
9.876726395519536794e+00
9.875457834540283031e+00
9.862183895602875339e+00
9.874259303671408361e+00
9.885506683509440506e+00
9.889687063116918253e+00
9.893327640602882056e+00
9.879082118318512684e+00
9.893910905825874735e+00
9.874885563287174151e+00
9.865877516554347082e+00
9.879429071976549181e+00
9.868214035119908800e+00
9.863527099728898406e+00
9.889840212952043075e+00
9.874856167769612725e+00
9.888673676392551570e+00
9.885359466181153465e+00
9.880698976033588821e+00
2.856580562747359636e+03
2.725372145088995694e+03
9.879233854673559634e+00
9.874287842038329543e+00
9.883908753960177762e+00
9.875553720779301159e+00
9.885277291791709331e+00
9.880716325736285555e+00
9.889453798763415904e+00
9.885134239113217092e+00
9.870307570481104520e+00
9.899580911402292571e+00
9.879858250087545812e+00
9.863899687542893702e+00
9.893318757824800969e+00
9.892954969319472269e+00
9.896358608361488507e+00
9.880046574633357892e+00
9.870498536222410024e+00
9.878328332246237409e+00
9.878959330294723173e+00
9.890451603686848614e+00
9.890861122051978427e+00
9.875489410049064887e+00
9.873308946574299583e+00
9.864974652847251946e+00
9.872241812404846328e+00
9.868036863489725974e+00
9.879405862636744473e+00
9.876121476187217141e+00
9.885888597370943387e+00
9.865590216338794960e+00
9.881318887953195684e+00
9.869889215354003653e+00
9.872703666254446730e+00
9.878601734970116510e+00
9.880186299474400968e+00
9.878198648425328798e+00
9.877229668980865185e+00
9.883095960554594939e+00
9.855790166551059883e+00
9.858796869056876133e+00
9.873304255987454425e+00
9.885803305903229088e+00
9.882275000670603049e+00
9.890718286959140571e+00
9.891001402414195454e+00
9.892424364788830360e+00
9.867812349005959049e+00
9.879093151696856978e+00
9.870227957565466781e+00
9.877184423826918191e+00
9.879890776130546115e+00
9.883161862662781516e+00
9.894709704123849647e+00
9.861519729362401065e+00
9.885168839740645197e+00
9.893968375365119527e+00
9.879071756825130279e+00
9.866872236499119708e+00
9.893750438838239347e+00
9.869934576207270993e+00
9.890949828953756295e+00
9.891056430647648057e+00
9.877873246676887931e+00
9.893292387427125689e+00
9.869627979568750931e+00
9.887769477046280286e+00
9.889316802119184402e+00
9.886155861051378224e+00
9.887506705504415905e+00
9.888968946865855258e+00
9.888374849199340844e+00
9.894692667224489924e+00
9.882421492260972329e+00
9.895437540709995261e+00
9.880821325656592435e+00
9.891850464368602047e+00
9.895742236687315341e+00
9.880207208459731660e+00
9.868157983087320062e+00
9.882839762315629883e+00
9.889029417478994333e+00
9.876501995415972956e+00
9.873293697026554128e+00
9.892299232103292539e+00
9.884712954341731361e+00
9.884695332834608550e+00
9.878676706878875891e+00
9.892736284739310548e+00
9.880816033444475011e+00
9.882556560603241280e+00
9.870356333384037839e+00
9.875669040808835675e+00
9.889162553378376685e+00
9.878123251743531341e+00
9.861076703571644231e+00
9.871561769228659244e+00
9.886050612696884343e+00
9.887951766966676104e+00
9.894220750737037662e+00
9.879284420153883417e+00
9.888246095780424127e+00
9.883746277077410269e+00
9.878469703223027309e+00
9.885274723760034021e+00
9.871677762146170210e+00
9.871158716763371643e+00
9.876166167274059049e+00
9.889264695076777301e+00
9.877714993454045356e+00
9.886319588930399860e+00
9.886439844461580861e+00
9.890388928451422146e+00
9.865622060540822247e+00
9.895732673959297898e+00
9.874828267839045992e+00
9.867889707798521925e+00
9.869590933754668782e+00
9.874783419202934454e+00
9.861644271670540363e+00
9.882158634896510918e+00
9.894385547624915844e+00
9.888277204630256279e+00
9.888112241000944991e+00
9.879054255054908751e+00
9.880885325549666476e+00
9.873229012163941221e+00
9.884021867992908383e+00
9.887256045145203842e+00
9.881931496775061774e+00
9.871533925052858649e+00
9.881100953475087323e+00
9.886371844317347168e+00
9.852246953235507476e+00
9.885496969271905243e+00
9.874556426637944639e+00
9.882837599051814692e+00
9.880692343359740448e+00
9.869839495480192681e+00
9.877285409603285160e+00
9.887867791586876010e+00
9.882075909560898097e+00
9.885721477680954550e+00
9.878784511074066188e+00
9.894468379118963597e+00
9.889763005171330335e+00
9.878788385414807749e+00
9.859026733141554644e+00
9.876659177416884816e+00
9.861745369431808683e+00
9.883601181276292280e+00
9.886750753496022170e+00
9.885908569784632505e+00
9.878733812908384593e+00
9.876560798548334574e+00
9.869966290898069872e+00
9.860858095776150023e+00
9.892019315558910009e+00
9.867872738826047652e+00
9.893214833616763570e+00
9.857982526361627862e+00
9.875441606586573329e+00
9.886069365062125414e+00
9.881649199809686479e+00
9.886814428282113099e+00
9.873107759733651179e+00
9.875447665916183837e+00
9.882921693381875983e+00
9.882223915517380775e+00
9.883882833058768469e+00
9.876430802640486561e+00
9.883709844132724243e+00
9.880777900449489337e+00
9.873794741199171554e+00
9.874649332878693286e+00
9.883503805261526054e+00
9.869482123471183144e+00
9.875098980672206039e+00
9.897067484970536455e+00
9.878753121013641447e+00
9.880799392961012728e+00
9.877247171053120667e+00
9.892689595686469772e+00
9.872982333596821647e+00
9.852182901611090671e+00
9.875371288639117395e+00
9.858600128073677027e+00
9.887444209088627645e+00
9.872446645800355469e+00
9.878276522886643818e+00
9.891683112556986401e+00
9.883696715275682720e+00
9.887119834903280946e+00
9.884387345435674987e+00
9.877131569595755778e+00
9.885549276633540217e+00
9.866938156083444156e+00
9.878722184307440202e+00
9.884113255025662070e+00
9.870560480608826737e+00
9.886042299471588635e+00
9.875649639984670713e+00
9.881185473795031982e+00
9.885609898841726917e+00
9.881084193077619204e+00
9.875626258304372129e+00
9.876282071085643821e+00
9.884044835023525266e+00
9.872717893105015463e+00
9.877370925642511068e+00
9.875409963579761197e+00
9.890688545863332237e+00
9.881250706158740016e+00
9.872140938909705454e+00
9.893030863345291692e+00
9.880774254859163719e+00
9.869550125023254239e+00
9.884095433302613642e+00
9.870975379603819988e+00
9.869385554001361527e+00
9.891239477516105438e+00
9.885356384088506587e+00
9.878234878566518162e+00
9.880998007968271324e+00
9.886379532423063665e+00
9.881205365408124663e+00
9.884059157223536118e+00
9.878153818471695047e+00
9.873046193319536812e+00
9.883714912679451459e+00
9.861328804354375421e+00
9.852243917246461535e+00
9.882279650923116776e+00
9.867786379709842848e+00
9.891464568382199118e+00
9.884955318757668863e+00
9.883964891282431608e+00
9.864725905754760049e+00
9.886896099343804423e+00
9.877675753936305370e+00
9.890953376673852659e+00
9.885333558954160438e+00
9.884432556785649027e+00
9.875498722643849092e+00
9.884802928415837187e+00
9.894162478831017182e+00
9.892740559195704719e+00
9.882307994525936223e+00
9.883568780622043803e+00
9.882021450789626016e+00
9.874541643466836049e+00
9.878778537686601524e+00
9.875803967247696491e+00
2.791953032502166934e+03
9.874121097097088295e+00
9.884227495947603970e+00
9.864089328080870800e+00
9.879979635358493439e+00
9.888988716746546004e+00
9.873490660575342304e+00
9.857119892743062550e+00
9.891817351998929198e+00
9.878017995467281764e+00
9.885810435149611664e+00
9.864858974874692876e+00
9.885420691617600397e+00
9.870602129259586022e+00
9.868123610643390720e+00
9.884188697855712746e+00
9.875010461864325961e+00
9.870093675207851192e+00
9.892674275349293112e+00
9.876698582439024321e+00
9.870380382089679827e+00
9.884057142896502057e+00
9.877859290886600974e+00
9.882699540895245605e+00
9.874198348119179514e+00
9.867557544925460888e+00
9.873959226190146765e+00
9.876038339957268875e+00
9.879068771081021438e+00
9.890499556308981255e+00
9.869313083673578291e+00
9.853302998681890301e+00
9.871272192845299998e+00
9.869466987447522044e+00
9.883745772718826927e+00
9.876195015829811297e+00
9.874528315434105252e+00
9.883774293312821868e+00
9.873185630086661391e+00
9.881737451264175576e+00
9.872056642660719916e+00
9.873044265595764202e+00
9.884705745025675228e+00
9.893461075513425129e+00
9.880215332325121835e+00
9.857644616008146343e+00
9.889548735139387148e+00
9.885836805207425471e+00
9.879725714972941830e+00
9.865169831487619945e+00
9.884741064544925848e+00
9.866380371999232679e+00
9.875493820139215728e+00
9.882234320863529931e+00
9.882540201481500475e+00
9.885778040523854671e+00
9.887430617603760297e+00
9.858509588013815161e+00
9.863520556743328171e+00
9.883697458842929606e+00
9.890992869709540614e+00
9.890737556847708944e+00
9.881263954490247414e+00
9.892778041060989125e+00
9.882408023080973436e+00
9.859596218138227286e+00
9.873566716025468537e+00
9.883835286656035279e+00
9.886898670933369715e+00
9.862362595866059678e+00
9.866255771659456997e+00
9.881548039249771875e+00
9.876234943380165276e+00
9.879686032157637854e+00
9.889491169578194629e+00
9.873920819043014774e+00
9.890083154307944824e+00
9.887122819227336379e+00
9.896833965093620122e+00
9.894166188382287785e+00
9.870136460376848220e+00
9.890376174201458426e+00
9.879400943941412550e+00
2.815041261049416335e+03
9.886520389632522665e+00
9.874044896666458015e+00
9.865248677986929948e+00
9.879653336912221917e+00
9.888573944009065642e+00
9.875995257818191320e+00
9.892139024275554249e+00
9.880283705294004903e+00
9.874792388573238711e+00
9.872257368063049654e+00
9.845325633882550775e+00
9.889770550086005585e+00
9.878383115596125919e+00
9.890892616573234264e+00
9.870050874651219885e+00
9.872102630541405688e+00
9.883157252622556399e+00
9.878002296151569439e+00
9.879326356786799934e+00
9.863999251216101882e+00
9.883467082307223706e+00
9.885737493781441287e+00
9.870317650364595963e+00
9.870379987609185335e+00
9.881776464935525084e+00
9.872183062600159431e+00
9.890444543456860416e+00
9.884705771365171145e+00
9.879796467558371376e+00
9.871658713062418045e+00
9.885270970763073706e+00
9.882647808145247126e+00
9.890609110504147594e+00
9.882806305793948809e+00
9.874742128315649126e+00
9.879999966744499318e+00
9.876995973587426647e+00
9.891456248594209910e+00
9.884372033498731724e+00
9.886738628222026648e+00
9.880659310413742347e+00
9.895237423329094284e+00
9.885582638510491904e+00
9.879929382169477137e+00
9.881127245605291876e+00
9.892480594535541627e+00
9.890814265928035809e+00
9.869561366938741642e+00
9.873996561806560379e+00
9.885362300647816625e+00
9.866269523076157455e+00
9.884845089811291174e+00
9.890960048596364018e+00
9.883587956769741112e+00
9.887749438431750804e+00
9.870315054277707389e+00
9.857809227402183794e+00
9.869504030630244173e+00
9.876288298130274868e+00
9.860514175321171138e+00
9.866732423933209262e+00
9.880885059037064266e+00
9.886430713519764879e+00
9.882869495703600293e+00
9.870687213889553391e+00
9.883076786551409754e+00
9.867462853788792287e+00
9.873077241741173182e+00
9.877335655082829291e+00
9.881084741449228659e+00
9.879755549602403875e+00
9.860738479596463435e+00
9.894114119966456400e+00
9.892405191922547303e+00
9.880100405351946335e+00
9.877857732154573966e+00
9.887409627573413573e+00
9.887469568172667422e+00
9.858769840397023643e+00
9.875715821649496462e+00
2.842970703272901119e+03
9.886049067648045252e+00
9.887597050686666833e+00
9.887374154168181661e+00
9.879211921406424679e+00
9.878078719400246399e+00
9.880992865133663372e+00
9.874500859699287147e+00
9.868295583168887219e+00
9.888241171914160077e+00
9.889654706156102648e+00
9.880645662322249834e+00
9.869965132973426591e+00
9.877766439588917535e+00
9.873047818772310080e+00
9.863416905903399368e+00
9.877367698628427561e+00
9.867533535678829182e+00
9.869689055700932911e+00
9.887500877214066008e+00
9.878660867300162352e+00
9.872893932045354148e+00
9.881435823570939192e+00
9.881209271865394328e+00
9.871709716847561822e+00
9.892625039371242934e+00
9.892417629309207427e+00
9.896134269929905969e+00
9.869437623481498889e+00
9.886450506172220543e+00
9.880773769465033496e+00
9.877029165109512121e+00
9.880855014130190739e+00
9.855919872481127442e+00
9.870026330604083853e+00
9.879305168231780954e+00
9.882619345163330848e+00
9.874096796999479508e+00
9.893908968889361333e+00
9.897384547660296406e+00
9.856380332961947488e+00
9.882961695900917221e+00
9.889797176273152246e+00
9.892448297835555238e+00
9.882928705715523066e+00
9.883350792014580222e+00
9.865121917250917249e+00
9.888720237992286499e+00
9.883094789030517191e+00
9.833414553223585486e+00
9.887631685031374573e+00
9.873627022352648552e+00
9.883885363802763280e+00
9.886537016868851779e+00
9.895412635684511571e+00
9.892737850881253792e+00
9.855754662178433989e+00
9.870342876597163695e+00
9.880969276454734995e+00
9.878669675248849202e+00
9.878699133448945346e+00
9.889883194926079923e+00
9.882430501412173385e+00
9.886173721773333867e+00
9.877738388763166455e+00
9.869901321374026537e+00
9.868654933088759407e+00
9.877771748745649560e+00
9.868984611639277205e+00
9.869758969801301518e+00
9.882104046118641349e+00
9.892067816611655573e+00
9.869467412013348095e+00
9.885350391810074910e+00
9.871437769299529208e+00
9.879165007697194412e+00
9.881826078233013178e+00
9.861432223118374196e+00
9.877610908248344757e+00
9.887623755066437425e+00
9.862120039421593987e+00
9.880960591204200227e+00
9.873946078040894747e+00
9.871647929396333510e+00
9.871416667180650251e+00
9.875080939226918986e+00
9.882390089691661217e+00
9.879898100996445720e+00
9.871922523197460109e+00
9.877255927142465808e+00
9.868914933465481099e+00
9.892553610985704182e+00
9.867739645650141611e+00
9.888466360202325944e+00
9.887481748855082131e+00
