2.483951336818244482e-01
-1.795228919894649722e-01
1.089865640193495022e-02
9.226476647701820077e-04
-6.534583961931680340e-01
-7.582148243910799557e-02
-1.088594188285727959e+00
8.455143108799093032e-02
1.172885452198480782e-01
-3.738371897792143461e-03
1.304793943471912465e-01
-3.711824913162947159e-01
5.348874633617048957e-01
-9.556936993091236232e-01
-6.378586413822183721e-01
-2.255908601229809629e-01
-5.859711473419791927e-01
-6.788155317821521484e-01
8.862009855184160845e-02
-1.148021894848015589e-01
-7.318839020405379370e-02
2.675407101015034872e-01
1.568442724416795886e-01
-1.178517377261021626e-01
-3.777062562766639875e-01
-6.826901043974175076e-01
-7.499926336167268559e-01
-5.457470892961161502e-01
-7.529207787944127706e-01
-8.034166853897014571e-01
-3.106002779176416650e-01
1.106962048114450148e-01
-1.765401608205493383e-02
-6.904842751143875912e-01
-8.649503757065586385e-01
2.871426585200806403e-01
3.627583491014202965e-01
-8.063615513294193349e-01
-1.047600149884013801e-02
-4.793289226490601296e-01
-3.216518193013119253e-01
-1.058330454889745698e-01
-1.353344758673981907e-01
-1.365499281587649882e-01
-8.008482267873355820e-01
-1.605663318294634490e-01
-7.667588306667457720e-01
-2.346887479775234542e-01
-8.590740387622911589e-01
-8.984377839407458044e-01
-8.596450763794916128e-01
-1.562301742765716872e+00
-5.953356770352600247e-01
-6.441637971560650877e-01
-2.823316619527773130e-01
-4.034828793208738995e-02
-7.482012789933064623e-01
2.471622931305244852e-01
2.446129712362604125e-01
2.006117390898271013e-01
2.299454123699267161e-01
2.411043775324249183e-01
1.894267813616281049e-01
2.853216152939340722e-01
2.253970762847156695e-01
9.074573467924551551e-02
2.504256816649386708e-01
1.569519680333563427e-01
2.990287836476167027e-01
1.835307119993352110e-01
1.529205881444006265e-01
1.838947789777077846e-01
2.695249480045315282e-01
1.354930238190653335e-01
2.198889504536563344e-01
2.150845617669930043e-01
1.609408664677204337e-01
2.119218362185630311e-01
2.268706404515247743e-01
2.040055055806522244e-01
1.522736615341532262e-01
1.917899167556536832e-01
2.372334992572237289e-01
2.175836951053533030e-01
2.306690066578119813e-01
1.643257721852924014e-01
2.119047059406717892e-01
2.082511765022375672e-01
2.256350515838028981e-01
2.138071836994367425e-01
1.995168667416474251e-01
2.310333307860584773e-01
1.760591422666360206e-01
2.011570381033435939e-01
1.672357872957306868e-01
2.316872395285338726e-01
2.053322257247865157e-01
2.198305838730751083e-01
2.439274514151726359e-01
2.547116714036636309e-01
2.771797476798859017e-01
2.450793932458217861e-01
2.746031194628309469e-01
3.544755794132916638e-01
2.164324900116358641e-01
2.527016016174167823e-01
2.174289329141351479e-01
2.953545049158496916e-01
1.217272272949844469e-01
3.353473913153947050e-01
1.648249097413680420e-01
2.461363405254037018e-01
1.602138400383057992e-01
2.986610034743342190e-01
2.118638890720999923e-01
1.768425998944829214e-01
2.538895769872590580e-01
1.355983449298582000e-01
1.210918401604538230e-01
2.740259447557740202e-01
1.530638542366957733e-01
2.661193495018810418e-01
2.476290014912619908e-01
2.516938470998217325e-01
1.707630395948242230e-01
2.790421478211418949e-01
2.215415550461766470e-01
1.718441655206807139e-01
1.359727540534880208e-01
2.270662069701000207e-01
2.320089721442314123e-01
2.227725669362141947e-01
1.864833524827321232e-01
2.162326274690252736e-01
2.186374679279908806e-01
2.519942011767992707e-01
1.638213634700389498e-01
1.805055858628989152e-01
1.678287596383370717e-01
1.807072832571466059e-01
2.913872573652735998e-01
2.916464238790621999e-01
2.936246850565225053e-01
2.801269057811073826e-01
2.199144937886565176e-01
1.752485649055300909e-01
2.042556782270013027e-01
6.966463389961002894e-02
1.845442084528113036e-01
1.863705350940553507e-01
1.934810107026388726e-01
3.628711674480658567e-01
2.607205919448626896e-01
3.041518856456196795e-01
1.972266458258486177e-01
2.059303359781147480e-01
2.007652835397333579e-01
1.321311569932063223e-01
2.621405750784783772e-01
2.396156654564725874e-01
1.754839419501216524e-01
2.040158796413316933e-01
1.503594672081891570e-01
2.552751341118822404e-01
1.481788294057658772e-01
1.786622337297414376e-01
1.863800383583425480e-01
2.285406666868784187e-01
2.579394850958497964e-01
1.578722530223704845e-01
1.232314794292339727e-01
2.636064720080537604e-01
3.335987760712940120e-01
1.591797999639920080e-01
2.334233957663230663e-01
1.902407665675218129e-01
1.885209241565738159e-01
2.908231974321214275e-01
2.286570787808674676e-01
2.424891831439398571e-01
1.790140494473196620e-01
1.748895737989335786e-01
2.054889038082757524e-01
2.293600177706539012e-01
1.289740803352935616e-01
2.512174543632402779e-01
2.500399662793796884e-01
1.797194824166392091e-01
1.491618646244765034e-01
1.682902147813689908e-01
1.457595487739007933e-01
3.007416901698492517e-01
1.763938425258107234e-01
2.299775465840008803e-01
2.540603293294431131e-01
2.211608784440795561e-01
1.555486002114081778e-01
2.345400392948997492e-01
1.929150601026799750e-01
1.837198864983632662e-01
1.705861518355379913e-01
1.214796831373334135e-01
1.975132155306859316e-01
1.673076089849635795e-01
2.136349467756941400e-01
2.194662562172885745e-01
2.158683839625937517e-01
1.801238266003207245e-01
1.575442040937106991e-01
1.514621791527198669e-01
1.469448228984032434e-01
2.203648555827388278e-01
2.509969596166067851e-01
1.998006897223872369e-01
2.188109102463821898e-01
2.391450385483518404e-01
2.124926358545960736e-01
1.767880447475410344e-01
2.289915717826287167e-01
2.390409193566876145e-01
1.489188207220902005e-01
2.558717919907030347e-01
1.584192175180078321e-01
3.346786838115030638e-01
1.709856993027611127e-01
2.208885345506665931e-01
1.521377911014428763e-01
1.714503363377309630e-01
1.799006070341831742e-01
1.637342882187466930e-01
1.488058069879195644e-01
2.856230908526012913e-01
1.068590977402540942e-01
1.713503075114064245e-01
2.202537159631153263e-01
1.766828298416687482e-01
1.996499405881140277e-01
-1.886592895540478987e-01
-4.409814444647633391e-01
2.240226361700930202e-01
1.557706588070318088e-01
1.900069187700557105e-01
2.313488554128182162e-01
2.046808823699879099e-01
2.064698769043413484e-01
1.384723471547256723e-01
2.015197156313562610e-01
2.715788322485679918e-01
1.898073314550158819e-01
1.839965298922082160e-01
2.932029486409117314e-01
1.127952168781939657e-01
3.018470604805149060e-01
2.596448852777536453e-01
2.655615131933211082e-01
2.269778903614052823e-01
1.942034536461984262e-01
2.568900631848613503e-01
1.644262097428788039e-01
1.733636619863182238e-01
2.488067472142853620e-01
1.433650650269525373e-01
1.194794214428825802e-01
2.192810105150386213e-01
1.655735870252884323e-01
2.817220237236049418e-01
1.366278020689032924e-01
2.869045200500890402e-01
1.423618312102790107e-01
2.313613890891211000e-01
1.665407895670364680e-01
1.795414404155928623e-01
2.284372271412480893e-01
1.646965360877798989e-01
1.992223173662670821e-01
1.986788925321768540e-01
2.069329213093387687e-01
2.202216896868328389e-01
2.374926436928187778e-01
2.039646988378315540e-01
1.980252376963544392e-01
8.691772676583214841e-02
1.825816422290457430e-01
2.251765906380454041e-01
1.400691872745086497e-01
1.929620173226742341e-01
1.451711530443821341e-01
1.929246031398369754e-01
2.792776464940103787e-01
2.155328094334910405e-01
1.688679116308974826e-01
1.688780552150322967e-01
2.332586905700217705e-01
2.468990017586478181e-01
1.782661160847494042e-01
2.720655689523941434e-01
9.423486091388123820e-02
1.825370510497168197e-01
2.877044192360994068e-01
2.787951054323879463e-01
1.670005846606764932e-01
2.059112829793418031e-01
1.461330688013295631e-01
2.003951291417252201e-01
1.935810418361655905e-01
1.764960509150392820e-01
2.065566132155429446e-01
2.556998978116115095e-01
2.460871589296351192e-01
1.535297138233456538e-01
1.882080637941323797e-01
2.871224105595124865e-01
1.311889407617506664e-01
2.928348638553784355e-01
1.687585714436325435e-01
2.801332422392532884e-01
2.080087493184767933e-01
2.657324070002985428e-01
2.675088919966918666e-01
2.950535963066453493e-01
2.391203248925903857e-01
2.887073215609488042e-01
1.630899467321234586e-01
2.502843795513498004e-01
8.798090391488509743e-02
2.177932182018671725e-01
2.417459274429753502e-01
2.210986205163054941e-01
2.389245232730597690e-01
2.057277491574262540e-01
1.530810712888238390e-01
2.468364825626505610e-01
1.915736287917337577e-01
1.661831321601988654e-01
1.684219540729584297e-01
2.465034869852519850e-01
1.653883000480854404e-01
1.877243037343649945e-01
1.222162691834736969e-01
2.267842120727829869e-01
2.759445391983812446e-01
2.649414773071409046e-01
2.499102707123893874e-01
2.267355333891775127e-01
2.361159090772529945e-01
1.572874771797327931e-01
2.869537388045554915e-01
2.376241211201884640e-01
1.861545935653667050e-01
2.675116950369325064e-01
1.379519244577917803e-01
2.368794845351912259e-01
2.312747674102518802e-01
2.726256018773652312e-01
1.918487967663667915e-01
2.209686128176910624e-01
1.770033265733089167e-01
1.254650384781603734e-01
2.252034549343586989e-01
2.489420878708832052e-01
2.515140291495120417e-01
1.572842089423663048e-01
2.613530795432060794e-01
1.860240802956933115e-01
2.258835583560188376e-01
2.111634409022871139e-01
1.518411569185905419e-01
9.501749982134820305e-02
2.541166738122334623e-01
2.132436792822733351e-01
3.010144023653317791e-01
1.502867783003768998e-01
1.320479347435359330e-01
1.590038648191116899e-01
2.021723082186684672e-01
2.055022632881292055e-01
1.601060790995100236e-01
2.223807999867477569e-01
1.979619484392562412e-01
-7.528237931333241484e-01
1.833549308330071625e-01
1.845438168642687948e-01
2.761195417239826200e-01
2.055179164055417618e-01
2.379841354126634168e-01
1.452878207403589528e-01
1.971647217319651146e-01
1.587655416369720407e-01
1.828853932763754853e-01
2.720449057686796235e-01
3.138290987613212568e-01
1.357144383066029303e-01
1.119842837698257071e-01
2.663828450900839195e-01
2.676564911085258514e-01
1.881344840633632498e-01
2.084674784118035196e-01
2.346338136736497437e-01
2.384734518558805083e-01
2.545489527677806674e-01
2.369315662106692699e-01
1.979583273071316707e-01
1.912509691406847900e-01
2.593260014446901462e-01
1.481308138313883749e-01
2.852736285600755428e-01
2.634519258497848293e-01
1.688207456513625970e-01
1.648213291591369145e-01
2.243838438988227102e-01
7.005606091134312929e-02
1.812046120531979887e-01
1.316867770027191353e-01
1.491488386656650567e-01
2.157518169860421775e-01
1.974400142846210460e-01
2.645269331351864373e-01
1.961396111835822520e-01
1.405584866479660244e-01
1.588582042628778335e-01
2.211155229776445297e-01
2.727555929998205508e-01
2.260157948804443484e-01
1.777734143533647448e-01
2.171781324938117930e-01
1.848130326052539185e-01
1.526446728977226275e-01
-7.318992708045234385e-01
2.206608537979789508e-01
2.725170840475439338e-01
1.337566260179466615e-01
6.450448857005324221e-01
2.521905920917849597e-01
1.283103296673235305e-01
1.857822956127531400e-01
2.725749106183060766e-01
2.743809543222351377e-01
1.990198443944746209e-01
2.338932668125695002e-01
1.405611141687252985e-01
2.184933190157799798e-01
2.060951017112842287e-01
2.263104825006696796e-01
1.780299745676143519e-01
1.826439648911277747e-01
2.107038930715325609e-01
2.296868672390004473e-01
1.983143574056057956e-01
1.793727860615149383e-01
2.562089555115069639e-01
2.092419985268780258e-01
1.824864085281267534e-01
2.123390683522473343e-01
2.418891168780140932e-01
2.104088622687411703e-01
2.609346152199859548e-01
3.246897556740194202e-01
1.789619341322094270e-01
2.327474872594680333e-01
1.597170283048915118e-01
2.340570421092561804e-01
2.347837630752740989e-01
1.907092855688919397e-01
1.768630269636214392e-01
1.723868296037276426e-01
1.830772473557185920e-01
2.517730471546266169e-01
2.504507512075243025e-01
1.867990265793885718e-01
2.711033106672615656e-01
8.166167706733530596e-02
1.239938961942366608e-01
1.997681919873592338e-01
1.407876993952700273e-01
3.528706987481982499e-02
1.988417910626944507e-01
2.104786039512190343e-01
2.252895212253119284e-01
1.942931074595325158e-01
1.767127195693144193e-01
2.525839963477177208e-01
1.113782097039056063e-01
2.149360067987506617e-01
1.970627601053240030e-01
2.322950982530888053e-01
1.863248062118312010e-01
1.400549046785637408e-01
2.209076799248019807e-01
2.508263485945690374e-01
1.407513723640260450e-01
1.904494291003188955e-01
2.474378198743163171e-01
1.983196604048964862e-01
-1.174470717534963571e+00
2.796201248602929734e-01
2.123372143129006462e-01
2.180276034964575560e-01
2.149454717999290387e-01
2.669208103774213803e-01
-2.518855523777402405e-01
