9.968269909042772881e+00
2.832596946656647106e+03
2.803163494921034271e+03
2.802813458739829002e+03
2.759197493945760925e+03
2.753077136720241469e+03
2.684030932798631966e+03
2.817221995046378197e+03
2.708523045084051773e+03
2.796082423555866171e+03
2.810130989111989493e+03
2.743290558598376265e+03
2.785681055366302189e+03
2.760764771622710214e+03
2.713136309613112189e+03
2.657923688554669297e+03
2.757435961482027778e+03
2.778120318896342724e+03
2.760799511039292611e+03
2.770781024000570596e+03
2.768428900115308352e+03
2.730400450794639255e+03
2.821296814302311759e+03
2.746183075647589703e+03
2.804541276244283836e+03
2.672840355160868512e+03
2.756505864264957836e+03
2.770945989139065659e+03
2.752824354670667162e+03
2.827768440427643327e+03
2.742740357552758269e+03
2.803311360449296444e+03
2.752465683059594539e+03
2.780286370919755882e+03
2.741534307759970488e+03
2.766067236075361052e+03
2.737031513014865141e+03
2.756775066469916055e+03
2.745473632973223175e+03
2.822403126258145676e+03
2.792999070266000217e+03
2.728866152789377793e+03
2.788507716884156252e+03
2.739388292165942858e+03
2.728157661577236468e+03
2.833857209347000207e+03
2.737703713462279211e+03
2.792928373282125904e+03
2.703078940666337530e+03
2.760207524678406571e+03
2.815770290956593726e+03
2.732153125959335284e+03
2.724285146007092408e+03
2.766291610240356931e+03
2.800071203520752988e+03
2.750056658301021344e+03
2.735111265103775622e+03
9.865957354755238384e+00
9.836640822017281849e+00
9.834324848295443289e+00
9.869722918941201684e+00
9.867292439243732005e+00
9.839643250558161469e+00
9.829036942726585124e+00
9.843746239280005028e+00
9.835705753944241181e+00
9.842534242685466950e+00
9.856026380837546341e+00
9.855018355976769229e+00
9.843206073509426446e+00
9.831729484913060091e+00
9.853385762645626045e+00
9.844730675523651442e+00
9.823143889175423027e+00
9.851626323403610996e+00
9.861576946675361555e+00
9.837138509206022619e+00
9.844758399903039248e+00
9.864466581040687743e+00
9.853168261488940871e+00
9.813287684761045071e+00
9.841523536752989187e+00
9.824044409933716082e+00
9.848654427714745196e+00
9.853836382156108797e+00
9.825319047368481051e+00
9.850407314776058243e+00
9.840957867655523827e+00
9.845963172266447572e+00
9.813502949992704671e+00
9.848161828141128282e+00
9.833596278415241088e+00
9.854132955295956009e+00
9.848065449383870629e+00
9.855334598969804460e+00
9.836726610368501156e+00
9.850799717538855305e+00
9.831258007228734996e+00
9.856982114302041964e+00
9.848156895942091538e+00
9.843333491408946756e+00
9.838912631827311017e+00
9.843430150943179413e+00
9.846021180035759102e+00
9.853298492524583452e+00
9.840733695109618040e+00
9.843726905884965461e+00
9.858469445416119470e+00
9.849301105366457421e+00
9.852951743844045041e+00
9.845318149172838318e+00
9.847516907318812684e+00
9.824993887298644424e+00
9.844875476624793009e+00
9.843280531824056823e+00
9.870936974652893880e+00
9.833921652540940528e+00
9.852250851702816448e+00
9.847702431804357559e+00
9.834017065252236733e+00
9.817288397890711948e+00
9.838945465232329823e+00
9.843289800991716021e+00
9.852105223824560554e+00
9.823082348649467832e+00
9.849193274022091771e+00
9.862550568285495700e+00
9.823618002667089399e+00
9.853124515246642900e+00
9.854388916518857400e+00
9.857633170743616446e+00
9.857388832435294290e+00
9.841170523809083193e+00
9.834247860813334796e+00
9.862421031294687168e+00
9.853406240227517543e+00
9.848453539576246030e+00
9.827514454695226220e+00
9.860348015112958109e+00
9.856590043381260102e+00
9.869594748554186836e+00
9.856763173143997747e+00
9.834269459133803792e+00
9.863011009104452498e+00
9.828757484901219144e+00
9.842560414076377384e+00
9.838835984428904169e+00
9.847704771573296156e+00
9.855892017960009355e+00
9.847800154213279811e+00
9.852153680478968667e+00
9.857058574883099666e+00
9.849998891230018927e+00
9.862005794421675020e+00
9.841233628610014605e+00
9.842460726363055912e+00
9.840335052752672951e+00
9.842659069212364997e+00
9.848357221169608877e+00
9.839791567595698396e+00
9.862478846233704743e+00
9.835114373839370927e+00
9.851424425492906423e+00
9.850679915063253134e+00
9.839837126298094816e+00
9.846536920932688730e+00
9.838480450307976355e+00
9.849338846482037724e+00
9.855507789060602875e+00
9.840429114312952308e+00
9.844275757549967310e+00
9.879599621079590221e+00
9.848155451747613753e+00
9.857053760143003274e+00
9.836902732383013159e+00
9.836964143251332615e+00
9.834458106847243641e+00
9.836901647898393719e+00
9.852564177169213622e+00
9.845372087109712567e+00
9.856398194781478495e+00
9.839463411932523940e+00
9.850274672680363608e+00
9.852351798035609676e+00
9.836143897891133747e+00
9.811216272204775990e+00
9.861581959022416299e+00
9.854441551512406861e+00
9.813951529984199951e+00
9.850720671210577706e+00
9.865730680379272144e+00
9.859394109042185050e+00
9.849615980036874774e+00
9.840258251847648907e+00
9.849523184362134032e+00
9.851529428099379260e+00
9.848140664138156808e+00
9.863713947885470290e+00
9.843294029599904960e+00
9.818213302889853722e+00
9.845411407943785775e+00
9.851030463781629720e+00
9.846802870820308584e+00
9.854302571812992184e+00
9.846657382739815390e+00
9.857778562238092235e+00
9.859567321140710661e+00
9.836742039955039374e+00
9.837031876270057040e+00
9.856385162798538602e+00
9.849703353019091168e+00
9.848102469502542533e+00
9.828919238537325853e+00
9.851404500747573678e+00
9.847311464599997066e+00
9.853185600102802866e+00
9.853146682602320183e+00
9.843548734901697017e+00
9.851057507931837876e+00
9.841906159300666701e+00
9.841185937825017049e+00
9.823753963020248392e+00
9.849650493071518298e+00
9.850064201451104395e+00
9.849371713922973726e+00
9.855060346173532437e+00
9.861142821980882545e+00
9.850851661334212750e+00
9.855410455837262163e+00
9.860004678748515161e+00
9.852234358416559701e+00
9.830623236732266790e+00
9.847786408985236051e+00
9.837850363781475593e+00
9.826411575441568402e+00
9.829394907070708953e+00
9.841324207362156073e+00
2.831561369779064080e+03
2.800745772080905226e+03
9.860782268009067764e+00
9.850810050998132894e+00
9.847431552500310659e+00
9.847986997554041722e+00
9.853138008676262771e+00
9.860849400964429634e+00
9.840698792435368603e+00
9.836853433015166459e+00
9.861254956726339671e+00
9.856772015347379678e+00
9.832516144585454754e+00
9.841604560196628881e+00
9.861672981293098772e+00
9.845766549104595811e+00
9.855954948982702746e+00
9.861318473339069968e+00
9.840925902992465168e+00
9.846834023977976358e+00
9.848570171100341497e+00
9.838127217218179510e+00
9.824874369164472654e+00
9.852038231661635947e+00
9.817957601249618804e+00
9.836734596187930890e+00
9.845357125507247176e+00
9.843947758399600900e+00
9.856946680901316427e+00
9.851557340846758493e+00
9.849187894238063734e+00
9.856786949902417660e+00
9.852171977027913030e+00
9.838153179404963922e+00
9.869468856018595915e+00
9.818045230732449724e+00
9.849944827570636718e+00
9.843348695562509576e+00
9.867465443049042051e+00
9.832473941595710087e+00
9.853393258318831727e+00
9.849262545285075277e+00
9.863064633822389737e+00
9.852526948406797658e+00
9.814623741032436399e+00
9.850218709461000088e+00
9.842038198766436707e+00
9.843459420510841440e+00
9.835520782643868642e+00
9.840843803346970731e+00
9.840790491126398365e+00
9.826515294333066919e+00
9.862618786967725981e+00
9.852990638688867264e+00
9.848855046266180580e+00
9.837831341857802059e+00
9.845830123218972219e+00
9.837764592255391349e+00
9.856872949304548825e+00
9.856042467989063027e+00
9.840008485838616537e+00
9.829692249093568535e+00
9.848726808374660635e+00
9.840971773828318447e+00
9.854703111937228144e+00
9.837288123727025990e+00
9.828166056099421510e+00
9.839679109755987696e+00
9.835516733458872451e+00
9.845280560988985741e+00
9.843485023101814946e+00
9.844640047981577879e+00
9.843459952124931078e+00
9.849465921205574404e+00
9.828653506760286263e+00
9.856507429094335748e+00
9.855941513467939785e+00
9.849762923004067972e+00
9.844253657669526092e+00
9.839920789184269267e+00
9.833743704096884031e+00
9.840372500016616897e+00
9.862306212139733574e+00
9.846387342364952389e+00
9.856545372588751519e+00
9.835184140228982130e+00
9.843866573172480372e+00
9.844367067779838720e+00
9.845142186481075086e+00
9.856075522106827691e+00
9.866341989822544178e+00
9.847188581342999569e+00
9.838083252471157891e+00
9.847837819280035987e+00
9.865244235965809239e+00
9.855604450887051726e+00
9.851399417657844992e+00
9.851170379888182893e+00
9.846468035433050048e+00
9.836897675810639896e+00
9.833996262084182760e+00
9.848139582486085786e+00
9.859193921269556071e+00
9.864213769605507665e+00
9.850808161348984626e+00
9.847822780193546066e+00
9.864083622381606631e+00
9.868555554515843653e+00
9.852352542967494742e+00
9.854691925678810804e+00
9.824310871306440873e+00
9.844652335955355937e+00
9.854883929190700442e+00
9.862035756114121199e+00
9.952408859882256209e+00
9.951828053461019508e+00
9.954600444023657957e+00
9.952273531157356246e+00
9.954575541642251224e+00
9.950384254582694155e+00
9.949815154790456972e+00
9.954618395723244362e+00
9.952293593697007168e+00
9.946299310948671035e+00
9.952751827734894974e+00
9.951128387165754319e+00
9.951671285369240394e+00
9.953827363948848372e+00
9.945713732852214051e+00
9.948866306534654314e+00
9.949765057368356480e+00
9.954613248791492452e+00
9.945427884655295259e+00
9.954111854395213399e+00
9.948709840131433779e+00
9.949625868895923375e+00
9.953090098901867577e+00
9.946708748758155139e+00
9.950897427853897526e+00
9.953022349000713476e+00
9.954463977119006657e+00
9.948650850410412971e+00
2.943196606643232371e+03
9.946100841106261470e+00
9.946197268509655132e+00
9.952889885670433756e+00
9.949275618195292381e+00
9.951198833557709733e+00
9.948547726494687993e+00
9.954644404097464871e+00
9.939343353408974124e+00
9.954201928289570844e+00
9.953340562092018118e+00
9.947911375407839429e+00
9.949367126872322942e+00
9.948433452976788161e+00
9.946645457337524476e+00
9.954565312188023540e+00
9.944189830878578107e+00
9.949175411213564857e+00
9.950499905154551072e+00
9.949416739140719557e+00
9.943570842577724278e+00
9.952324878745917758e+00
9.950705102789173750e+00
9.950612589347350934e+00
9.955286334438749662e+00
9.947502030150895180e+00
9.949215705612029836e+00
9.953423071755693741e+00
9.944628341546140504e+00
9.952190136731349668e+00
9.944229937158210575e+00
9.945040416267433514e+00
9.948695394974228279e+00
9.953261667469774920e+00
9.946049596906709311e+00
9.947098284370797572e+00
9.949374193795566867e+00
9.951467470172460139e+00
9.948866208096237784e+00
9.946697903041609834e+00
9.952367002834586529e+00
9.954334893589685151e+00
9.950369929505663791e+00
9.946967238089792218e+00
9.941705012385861906e+00
9.947436446326065607e+00
9.952604772299524782e+00
9.946759519296625385e+00
2.929737918572109265e+03
9.946558800770095132e+00
9.954893964750420210e+00
9.947026338952483115e+00
2.942333878624702720e+03
9.944687201504670782e+00
9.946359162502343310e+00
9.945798712051193036e+00
9.950042218206473166e+00
9.955145527278766338e+00
9.949650034806117205e+00
9.947099722313083703e+00
9.949906349461027588e+00
9.954670178270617953e+00
9.953041641018977259e+00
9.951615604993504505e+00
9.956105252188265808e+00
9.950750684784178901e+00
9.951009636051859175e+00
9.951360834273893730e+00
9.947369652593041067e+00
9.951776606255904767e+00
9.945023019186198354e+00
9.953047577752291986e+00
9.949488432613931010e+00
9.955703868898808651e+00
9.957747683555666640e+00
9.950441099639709464e+00
9.953481553694107475e+00
9.952493077634679608e+00
9.950979116424019111e+00
9.948148353094749652e+00
9.949307987890463778e+00
9.953827819291252155e+00
9.951044407604804576e+00
9.950046728727471645e+00
9.948300532624266168e+00
9.943945580275626028e+00
9.952976577126872115e+00
9.954689972775140561e+00
9.954835989107143845e+00
9.948939519372864027e+00
9.952569027157961656e+00
9.951251738849578032e+00
9.942745014279815052e+00
9.949376241004854293e+00
9.950408385157565760e+00
9.944082303426863945e+00
9.941445217882384000e+00
9.953438559460453305e+00
9.947401668183623258e+00
9.944274983035537474e+00
9.950200453843990545e+00
9.955504449912361054e+00
9.944497304535499183e+00
9.951831723804991370e+00
9.950251380750721353e+00
9.950799378580505561e+00
9.943444787242377458e+00
9.951965934052378060e+00
9.952590135231686119e+00
9.952070447171076140e+00
9.948150348746704452e+00
9.953689736422274947e+00
9.943440775800675979e+00
9.936805199902671859e+00
2.934572613606825144e+03
9.954579126631404762e+00
9.952686237734194918e+00
9.950255516733983896e+00
9.950578780098958021e+00
9.950648710343742209e+00
2.943824070775778637e+03
