1.197526968592602659e-01
-2.624892275708038403e-01
-3.169315785510272154e-01
-1.471559550464815458e-01
-4.643494813444780378e-02
-6.676155531370575602e-01
-6.229718488036430912e-01
-5.809262427027797604e-02
1.289001242151799898e-01
-4.902433110724720156e-02
-3.165479697585445451e-01
-1.362645338767498882e-01
-5.200954733774350025e-01
-6.233463757184494192e-01
-1.785148705749093345e-01
-4.590690010992788395e-01
1.092224476421917168e-01
-4.123242589786717538e-01
-1.412360117733827691e-01
1.277647733529010121e-01
-8.381239562791255038e-01
-7.794750529952358953e-01
1.188420652984557080e+01
3.303431315090553100e-01
-2.864555754220514672e-01
-5.541261298628608056e-01
-1.489951461848840197e-01
-4.095203356158290675e-01
-7.046158127815498329e-01
-3.461081530244738413e-01
-2.648881763682343626e-01
4.915009231690199432e-01
-8.499441571087258396e-01
4.559763028759276637e-01
-2.434411209489944217e-01
-4.827406429057731208e-01
-6.450577099974245110e-01
-5.172378824802423836e-01
-6.177226603809071737e-01
-5.822332730189103689e-01
2.121497898329884751e-02
-4.315484054781257850e-01
-4.696115380584983678e-01
1.612393328457394776e-02
-8.327674249013777841e-02
-9.382226672752399382e-03
2.481626598218793500e-01
-6.168999705054620808e-01
-1.844661098650130227e-01
4.656179772934310179e-02
-9.520896218676189182e-02
-2.257313900761289960e-01
-9.209897257367316570e-01
7.753627911806465489e-02
-2.144450805523752945e-01
-4.735046177883531771e-01
2.703957938372823083e-02
2.283210813114898707e-01
4.635304176699956979e-01
-1.772568583301411260e-01
4.748926780867968045e-03
4.747536273344709068e-01
-4.299302155277391901e-01
-1.881459713487309560e-01
-2.391493088932739042e-01
2.500463028472953431e-01
3.856376043636901563e-01
-3.461872736045647214e-02
-9.012449013773610185e-02
-1.128490610264204275e+00
-7.783344625798187533e-01
-2.842406427529893809e-01
-4.674767656931820281e-01
-3.179673800676875994e-01
-2.937128345719224320e-01
-2.830254839776827902e-01
2.974941375220431505e-02
-4.174083195185492035e-02
-3.905967029436314686e-01
-9.158201201463075924e-02
-1.646901867141487008e-01
1.032072752262636062e-02
-7.294017573280006661e-02
-2.133911711241900100e-01
-6.557867088608704265e-01
-4.767862200361906028e-02
-6.605230293909932771e-01
-5.789429997507844483e-01
-3.670123587403982257e-01
7.529385362958279648e-01
-2.942589167981877196e-01
-6.392278659331404045e-01
-7.278421396451346670e-01
-2.041832400423043703e-01
-7.583759804449681230e-01
-6.587973507725375377e-01
-7.277000102508854318e-03
-1.925524681294641938e-01
-2.670034372972961145e-02
-4.076757124140287236e-02
-7.566828333995366807e-01
-2.050121831100935321e-01
-4.243706253978883902e-01
-6.084466231389171753e-01
-1.292803986005238992e-01
1.047888723245267439e-01
-2.693953991696613204e-01
-1.212612793723669008e-01
-3.017645183347283933e-01
3.274130891937042653e-01
-4.523712550932152965e-01
-1.112015548146117583e+00
-3.374669662460360597e-01
-3.731128436998577547e-01
-5.811593446389240469e-01
-4.912511699758471129e-01
-4.139251667465738971e-02
-2.234332226190769988e-01
-1.290516580922636963e-02
-4.347198596332037951e-02
-3.739821273755967734e-01
-2.624710548263087251e-01
-2.124248790335684089e-01
-1.293373173511535301e-01
-6.112624964546201634e-01
-3.633980466060505732e-01
-4.512841459034081515e-01
-6.642431281210944838e-02
-2.022698202150596813e-01
-4.361818752789738407e-01
-5.937359919550253551e-01
-4.145721766735391278e-01
-8.384462509829683496e-02
-8.174052643007071461e-01
1.653529410528998544e-01
-6.093634271613720399e-01
-1.627126845008960432e-01
4.624239906421370727e-02
-7.432821985821327915e-02
-3.339689307690876796e-01
-1.070194059252688318e-01
-1.003036166783076721e-01
-5.187939955087316202e-01
-2.923983016882054642e-01
-2.985560561032704618e-01
1.253494963582669763e-01
-4.012271986672672486e-01
-1.128610337825924487e-01
3.102660691772636814e-01
4.009677868300479675e-01
-2.989088375824927590e-01
-1.242272062137410593e-01
-4.730427432121028786e-01
1.668058384553390838e-01
-1.785519058030002881e-01
3.147075205588729108e-01
2.085803484243281269e-01
-2.284578096000329517e-02
4.126282977893644399e-01
4.027516927672303848e-01
-2.866226982948837931e-01
1.260069044996879606e-01
-7.752189645887799241e-01
9.122209752405478767e-02
-2.004309011834407017e-01
-7.568936582827909820e-01
-7.586195880348277631e-01
4.069827872509664268e-01
3.537285416842892438e-01
-5.703027414548896834e-01
-4.750650323852124712e-01
-3.787765911640619820e-01
-4.298183035018657838e-01
6.341735768240186477e-01
3.535557573853511520e-03
-2.490582211490919087e-02
3.944648575123108625e-01
-9.316627852252477859e-02
-2.333385360398270714e-01
4.197181496024016689e-01
-4.884111235805919105e-01
-2.412713800937305586e-01
1.867448252309096834e-01
2.965158489778346729e-01
-8.527662492335809086e-01
-3.292311325430581914e-01
-7.593663740770634218e-01
-3.278694539227063331e-01
-3.409860897544936265e-01
-1.955340396547296800e-01
9.821095706888104127e-02
-2.758240933973763465e-01
-4.319989976494842399e-01
-2.903158488435999551e-01
-2.086481420520456820e-01
-1.945228310392812243e-01
-1.338587761191033509e+00
5.774316938749907147e-01
-4.094973934695551598e-01
-8.610688851239410857e-01
-3.585050280944898637e-01
-5.966554263687987580e-01
-5.630844074756646833e-01
-4.971178286195455653e-01
-1.626412024522666533e-01
2.130072224329695174e-01
2.276649438539845860e-01
-8.590204702390709102e-01
4.386402122591048780e-01
-4.292570971606270436e-01
5.837816006952470937e-01
1.845105023583019366e-01
-7.648408733270960491e-01
-7.734904010918894901e-01
-5.037044207331342616e-01
-6.311117916930994998e-01
-3.558862590082368937e-01
-5.026671268435726203e-01
2.306900762792404302e-01
-4.343494701508743838e-01
-5.616531621991419643e-01
-3.390582107661480049e-01
-6.874926504753307022e-01
-6.408210763804949028e-01
4.718502404981651521e-01
-2.081645948556386239e-01
-4.947876059842717944e-03
-2.320019359198264852e-01
3.546012830032503338e-01
-6.335086631577668825e-01
-1.101011266111955766e+00
-4.511082826829122538e-01
-8.452548961840486430e-03
3.208432782656543414e-01
-2.330261414117377750e-01
1.699423847124298392e-02
1.854588471673317140e-01
-4.853324514562096792e-01
2.212387973633508920e-01
-6.073246643062317762e-01
-5.000202318639889176e-01
-1.734944258041937470e-01
-9.776709564561277821e-01
-1.041640158346124334e-01
-8.360234926087363461e-02
-8.837613167767647271e-01
2.375033407019557508e-01
7.353393460849041441e-01
-4.714343445394707510e-01
-4.993740365025908789e-01
2.686913967058549013e-01
-2.513056517658308620e-01
-9.444441026712734333e-01
-5.133120152555574744e-01
-7.438198996571034893e-01
-7.678314653539680679e-01
-3.866208957656212530e-01
-9.525038981593812737e-03
-3.506210038595680700e-02
-2.475599775035756400e-01
-5.586525006365326007e-01
-7.161126595350942869e-01
-5.731747508628276533e-01
-2.563143047060459367e-01
-5.822637983856530086e-01
-3.298073605694523680e-01
-1.943205249171678708e-02
-6.290955394251588340e-01
-6.618809878945285385e-01
1.060179731056057201e-01
-1.233986581684245243e+00
-7.079113961988828807e-01
-5.292970046816565244e-01
7.012674137418825060e-01
6.219948232784976438e-01
-9.213463194068986784e-02
-5.046441713485969593e-01
2.788223582174435000e-01
2.347467896384456409e-01
-6.181981150603111930e-01
-8.049814829631496416e-02
-1.648393578359378941e-01
-2.016838879649269778e-01
6.107739225654734705e-01
-1.975265127992675840e-01
-8.608909216517079965e-03
2.429634378578202636e-01
1.985750721760840554e-01
-2.828646416399128172e-01
-6.013001277648306608e-01
2.299162116251982774e-02
2.357113765359714619e-01
4.679313204232826706e-01
-4.575351596435837109e-01
-2.152710817414576761e-01
-5.774056957868776152e-01
-3.061788844893711392e-01
3.466637041760474436e-02
-1.713215518892572120e-01
-2.675779842826055965e-01
-2.270382901395655018e-01
-6.925589519768333702e-01
-2.505931840500545404e-01
-3.082623550939377344e-01
2.264082034558884404e-01
-6.799380071964745698e-01
4.825338196326635631e-01
-7.907068474218850174e-01
2.260400599590157988e-01
-2.803460500583028203e-01
-6.606423988785792289e-01
-9.967238660454966759e-01
-7.526080760320237317e-01
-8.559765703597085329e-01
-5.727276696885565954e-01
-2.146408773818981874e-01
4.776883591141785068e-01
-7.707407570958433318e-01
-4.619158384964604513e-01
-3.078983072039152002e-01
-1.368118358155376302e-02
-5.926308712973178405e-01
6.918182488947745012e-01
7.168914176941224015e-02
5.705140405925185343e-02
2.570588656584584797e-01
-6.880760043859649455e-01
4.019430575420487872e-01
7.250324006623041218e-01
-1.739368912248592247e-01
8.993668412995386996e-02
-2.750761519535994126e-01
2.175192805856517586e-01
-4.982388233514640774e-01
-4.103138507736956431e-01
2.270397568168870950e-01
8.552135624552725801e-02
-4.136013575900385209e-01
-2.049759415264661988e-01
-7.729401218152180952e-01
-1.141199194299719721e+00
-4.755393348547854449e-01
-8.339289297441530024e-01
1.365973839916471699e-01
1.667067780754767359e-01
-4.657483116583803762e-01
-2.261860923969226389e-01
-4.182797830822271301e-01
7.707982859517170660e-02
-2.763740202172245697e-01
-3.987818133714032820e-01
1.125671317998411664e-01
1.338531729942495085e-01
-1.317071990874340570e-01
-4.295793441002045965e-01
-6.203750683327139415e-01
3.762686698801243068e-01
-4.920774534627772034e-01
-1.674472012336468973e-01
-4.261816476709882617e-01
6.021761601660560043e-02
-3.256850647489707429e-01
-3.528407919603293030e-01
2.455165061868585796e-01
-4.146138553575115515e-01
-2.983546285712643797e-01
2.524552467505924991e-01
1.097182052268483587e-01
3.215507376361778635e-01
1.361869400310765066e+01
-5.821214773081251348e-02
-3.119848056120055335e-01
4.282133468895846229e-02
4.387651204396944005e-01
6.891893800794338665e-01
1.211027575932267375e+01
-7.701552173221295483e-01
4.057822426882799483e-01
-2.580455712266995771e-01
-2.804552459920285346e-01
-6.114026790295877811e-01
2.497204986505357216e-01
5.064158168535917715e-02
-9.666629264835578939e-01
-5.637694124335232981e-01
-1.647024378629448060e-01
-3.106131047437761250e-01
-3.792297944912965679e-01
-7.147541870717877277e-01
-6.169392150992939472e-01
1.382208574190838535e-01
-2.439517346429855016e-01
6.712063074802350204e-01
-4.203196968189867322e-01
-1.216904494890754251e-01
4.901657166759506579e-01
-3.510931221214887155e-02
-1.197338691971037428e-01
-8.835716075327623154e-01
-3.356676176951464141e-01
2.762335282566745764e-01
-6.625997947458287518e-01
-5.441126277651765486e-01
-9.098934598843663180e-01
7.791912778002175743e-01
-7.062273931809807115e-01
2.622754937768794758e-01
2.140782248431097323e-01
-5.275046211852218309e-02
5.550799342600265529e-01
2.029750767506091069e-01
-8.021751723829229075e-01
5.369731182886710030e-01
-2.609762639516337024e-01
7.852875386047082351e-01
1.266307151604084691e-01
-4.019010608156825537e-02
-6.183636894987152299e-01
1.964432260331488989e-01
-4.398599327430223749e-01
-5.499624032260452822e-01
2.358591819143143475e-01
-1.059856550282613635e-01
-1.164923382695843418e-01
-3.861390470239860484e-01
2.291325801988093602e-01
-2.602850422718935297e-01
2.489223064127248364e-01
-3.400570174471856388e-01
-3.873272136146489464e-01
-3.603634794481612724e-01
-1.031607155696230516e+00
-5.555782462382715670e-01
-6.170640290603226497e-01
-1.963029516697489540e-01
-5.719588150137357996e-01
-8.914080253458189773e-05
-6.949857387804245779e-01
-7.334267474634900696e-02
-4.823576482177284186e-01
-3.012170465012760090e-01
4.241892901129968307e-01
4.559455554045116488e-02
4.783103314719067134e-03
-4.910583827255131095e-01
-9.950582582211152383e-02
-1.568627475068866128e-01
1.744149065227830753e-01
-3.889377049383165863e-01
4.559178513748279871e-01
-1.391567033551709409e-01
-2.740833297225481191e-01
-2.294533728620420654e-01
7.750435116213438835e-02
-4.899313415725391474e-01
1.172777957673015181e-01
-8.399608374924100174e-02
-4.528315708326806632e-01
-7.979885686917760346e-01
-6.241608090202359349e-02
-5.193765912871629586e-01
2.281310048682994585e-01
-8.470017177374243589e-02
-4.620353496372920366e-01
-8.003053862667889318e-01
-2.582526552286710242e-01
1.203110824975423959e-01
-5.752873862654803716e-01
-1.708318128063781305e-01
-1.802091004375666328e-01
-4.777993951432880082e-01
-1.175435536003230919e-01
1.251421213021074175e-01
-2.941168378554382401e-01
7.207918490462350558e-02
