2.993824020573489634e+03
2.993477993663945199e+03
2.992054130675201577e+03
2.990983497609935057e+03
2.991670437657646744e+03
2.991748262922082176e+03
2.989472802975052218e+03
2.994774340954863874e+03
2.993520550572836328e+03
2.993053658082420498e+03
2.991671890506370346e+03
2.993385218988954875e+03
2.992008346058514690e+03
2.991383683143880717e+03
2.990801031046330991e+03
2.991874304648696580e+03
2.993763925630321864e+03
2.993415480026786554e+03
2.994030655210895020e+03
2.992746248408860538e+03
2.991028479984291153e+03
2.992155825257974357e+03
2.990796499152901561e+03
2.992140326804881624e+03
2.991814927667401207e+03
2.990836623295254412e+03
2.991661575813382569e+03
2.990442070333937409e+03
2.992465583013919968e+03
2.992919604731342588e+03
2.993906649431463393e+03
2.987899405833196397e+03
2.992357065884531949e+03
2.993035579862217674e+03
2.987456408533964350e+03
2.992021353034154345e+03
2.992612677883331344e+03
2.989338628810302453e+03
2.993174371394684385e+03
2.991819775712100636e+03
2.989623328734004645e+03
2.993651883395020377e+03
2.992836429003339617e+03
2.991215082590354086e+03
2.990334572899935665e+03
2.993699100574880504e+03
2.991238799322260547e+03
2.992744061164574759e+03
2.992142850025744337e+03
2.992812528463554827e+03
2.992419870064369206e+03
2.992193657421843454e+03
2.991242736329703348e+03
2.994200638084413185e+03
2.993595660725728976e+03
2.987280589541069730e+03
2.994196298031123661e+03
2.991763162389733225e+03
2.988265595162300542e+03
2.991027788950857939e+03
2.990409645792053198e+03
2.990019258662487573e+03
2.991449840797785328e+03
2.989919330436779546e+03
2.991629519935876942e+03
2.991516309412200826e+03
2.991354082972108699e+03
2.991395456621452013e+03
2.987384330992454579e+03
2.987579422845602949e+03
2.989886493947383769e+03
2.992394756047543069e+03
2.994160099060640732e+03
2.992598323942335810e+03
2.990154785437949158e+03
2.989726471911495082e+03
2.991960990544976539e+03
2.994140338454105859e+03
2.992542170420161256e+03
2.993563790373846132e+03
2.994743364765372462e+03
2.991556751400029952e+03
2.992122632201422221e+03
2.992508516281396624e+03
2.992102618750825513e+03
2.992534242589859332e+03
2.991159882804848621e+03
2.992070942224781902e+03
2.988152763695634803e+03
2.991128215009706764e+03
2.992368620917916815e+03
2.994198542846759665e+03
2.992664357416098028e+03
2.988506832307975856e+03
2.992606771112031765e+03
2.989512522285947398e+03
2.994847495329721369e+03
2.993338234695677329e+03
2.987092031672623762e+03
2.992288020014771064e+03
2.992050756182690748e+03
2.623162390134483303e+03
2.669500664480383421e+03
2.528576065892708812e+03
2.602539409362948390e+03
2.664060136146431887e+03
2.629018691858090278e+03
2.671007344765503149e+03
2.572293712097297430e+03
2.736496115117099635e+03
2.623267279346453051e+03
2.610134320402964022e+03
2.655203532320109844e+03
2.531118875488312369e+03
2.626100329611880625e+03
2.699679097381756037e+03
2.693171412563009198e+03
2.642982822036183734e+03
2.661571651917018244e+03
2.685129838963402563e+03
2.632492789265365445e+03
2.699366141629140202e+03
2.717191862904966911e+03
2.691056202768288131e+03
2.541819989545597309e+03
2.696879525138455847e+03
2.609603356717969291e+03
2.666245878646962865e+03
2.667090412374944208e+03
2.650401653162887669e+03
2.593771712604709592e+03
2.673434097787542669e+03
2.660067025945182195e+03
2.485385591785895485e+03
2.696085164155012080e+03
2.647939995547957551e+03
2.572790128063443717e+03
2.584667874415446022e+03
2.653069120621665661e+03
2.681453653838948867e+03
2.552227280404122212e+03
2.707603887070422388e+03
2.615187685146182503e+03
2.540596123132630964e+03
2.636355045261315809e+03
2.682212444412732111e+03
2.691913891361959031e+03
2.650743284098085951e+03
2.635014266055354710e+03
2.709990669378435086e+03
2.626155989194257018e+03
2.928758996158424907e+03
2.904789035457947193e+03
2.949430950426773052e+03
2.941443219278648940e+03
2.934771033478249137e+03
2.949251740541609252e+03
2.935971415143733338e+03
2.922672294489810611e+03
2.920733564158795161e+03
2.950006514271992728e+03
2.932730616323385675e+03
2.936368645821113660e+03
2.949000971070070136e+03
2.912820092519141326e+03
2.911724735395384869e+03
2.903506740003035247e+03
2.945011135526236558e+03
2.954037626727743827e+03
2.939666745750165319e+03
2.929084148876311247e+03
2.932722013479085490e+03
2.935937352806402032e+03
2.907065433474095244e+03
2.922160135694731252e+03
2.915197424276627316e+03
2.925364050684760969e+03
2.936595812163006030e+03
2.924001542374075143e+03
2.920771321605946923e+03
2.925383665571303936e+03
2.925691317825847818e+03
2.938874462514760580e+03
2.919257603410265347e+03
2.911203028038240518e+03
2.921074934367461992e+03
2.919911239864327399e+03
2.909946344541102462e+03
2.940333838149171243e+03
2.919876767278535681e+03
2.926681931895668185e+03
2.909130946079827481e+03
2.932220430287881300e+03
2.941889976819550157e+03
2.948781713753311124e+03
2.933826946525336552e+03
2.916183930423875609e+03
2.944649321061861428e+03
2.921005952061185781e+03
2.923966392616091071e+03
2.921598913893821191e+03
2.929799805041273885e+03
2.922750589112750276e+03
2.930462195072220311e+03
2.930474439590260772e+03
2.939975365605323532e+03
2.946636413890013955e+03
2.925045397174545997e+03
2.933647448186154179e+03
2.925851061904799280e+03
2.939176525408689486e+03
2.928357128607410232e+03
2.917339801485062708e+03
2.882492558455773178e+03
2.944154709307965277e+03
2.944009543010170546e+03
2.899910505285848558e+03
2.938117134136414279e+03
2.926461520594388276e+03
2.928688345143619244e+03
2.941444086787096694e+03
2.931154074235594635e+03
2.924943695869449130e+03
2.903159260271796484e+03
2.935791656747599518e+03
2.943245029076656010e+03
2.909318944208577705e+03
2.936335350678123177e+03
2.937094793519933773e+03
2.890227259479524946e+03
2.921299962230237725e+03
2.937606337029677888e+03
2.929245420433528579e+03
2.926950272684523952e+03
2.933194563836318139e+03
2.926417264185789918e+03
9.920796081310248482e+00
2.888169630983536535e+03
2.936157644442420860e+03
2.911418800864089917e+03
2.931091565659769003e+03
2.946556702196873175e+03
2.922916299677135612e+03
2.922770444904690066e+03
2.939281530275572550e+03
2.892869610977492357e+03
2.937547564479014909e+03
2.943260027045043444e+03
2.879815812703332995e+03
2.939544216548969871e+03
2.933867369180458809e+03
2.921587166748782693e+03
2.917821374571259639e+03
2.933392629822205890e+03
2.940851507338200918e+03
2.932290974643200570e+03
2.924525610307684474e+03
2.902156096789729418e+03
2.928328758032052974e+03
2.902968944878577531e+03
2.893580183268309156e+03
2.937141762928934895e+03
2.892676887791591525e+03
2.919804938541643878e+03
2.898600095345083446e+03
2.937594974177809945e+03
2.931811781765367869e+03
2.914563393041932613e+03
2.916489677532225869e+03
2.906820380040107466e+03
2.907632523508472332e+03
2.916819135989978804e+03
2.911061694191550941e+03
2.905506377174831869e+03
2.928763307154893482e+03
2.927603198394116134e+03
2.925970883703366781e+03
2.933112778510439512e+03
2.933949283266927523e+03
2.920900003218030633e+03
2.929766615469098269e+03
2.935130882887593998e+03
2.924603040831289036e+03
2.917823135445790285e+03
2.910031837061447732e+03
2.930941170447930745e+03
2.946819551686255181e+03
2.920396234290282791e+03
2.933441619681383145e+03
2.925126297746495766e+03
2.931646296193417129e+03
2.933208277346848718e+03
2.949137191989806979e+03
2.933561942528890086e+03
2.926662982003597335e+03
2.941571676133740311e+03
2.911194020274921968e+03
2.949777948644483786e+03
2.914963404115256253e+03
2.931741793639042498e+03
2.937262460605253182e+03
2.901143213912860574e+03
2.912076863846049491e+03
2.931367489634036247e+03
2.921837224092099405e+03
2.927194728564512843e+03
2.958346649784580677e+03
2.926538750269397951e+03
2.925022863234988108e+03
2.919052888637653723e+03
2.928680696922283460e+03
2.941737674908410099e+03
2.907996155341135363e+03
2.933660770624049292e+03
2.940878172494199134e+03
2.870685391585136585e+03
2.946548680621198855e+03
2.916088104451123854e+03
2.930206372989588090e+03
2.934221633940805987e+03
2.927471232211885308e+03
2.895395830132087667e+03
2.933644091819625373e+03
2.936067295697790996e+03
2.912626601351631052e+03
2.909570216734962742e+03
2.931139114031984718e+03
2.929669561982726464e+03
2.920476878311224482e+03
2.911090030719068636e+03
2.938671172337349617e+03
2.947879861597490162e+03
9.920640598998307524e+00
2.932555878901847791e+03
2.897529202915321548e+03
9.924777387884848423e+00
2.938241166865188461e+03
2.939651862298084325e+03
2.944914015784909679e+03
2.941850436462766538e+03
2.918050168779318483e+03
2.926342790450361463e+03
2.906199087103128022e+03
2.904618692560663931e+03
2.946223142092161652e+03
2.923415780375348731e+03
2.929673671251923224e+03
2.923270240712380655e+03
2.878996839640505186e+03
2.886348253032603679e+03
2.920616060540213311e+03
2.926904714642446834e+03
2.900121596174785736e+03
2.908442040519625152e+03
2.929986438047501451e+03
2.920860248545851391e+03
2.931675608069671853e+03
2.915430623873900458e+03
2.924244618409717987e+03
2.917779445774176111e+03
2.932346638355019877e+03
2.912157627250445785e+03
2.926672691222192498e+03
2.941723757670302803e+03
2.930079851166455228e+03
2.917837283048089830e+03
2.936621168837991718e+03
2.935516148685871485e+03
2.938392277434542393e+03
2.923949102642226990e+03
2.946185450056841091e+03
2.902042562481845835e+03
2.924447730701489490e+03
2.929805771074417407e+03
2.939208897568173597e+03
2.954341177345106644e+03
2.900507592020761422e+03
2.949188527682722906e+03
2.931697130618323172e+03
2.936230300244197224e+03
2.906280961794207087e+03
2.939038023106687433e+03
2.927023885196565971e+03
2.914183181103809147e+03
2.925040498470352759e+03
2.914614234903666329e+03
2.919807751642301355e+03
2.933122924133958350e+03
2.928084086713307897e+03
2.941669222275352695e+03
2.960203034756399575e+03
2.935258948677696026e+03
2.935910608875484286e+03
2.923685231690977616e+03
2.952261107427432762e+03
2.957914332770572855e+03
2.931710797832140088e+03
2.918395078793362700e+03
2.918450501038403218e+03
2.916929158403139809e+03
2.931554106896495796e+03
2.917610287912109470e+03
2.944095235137707732e+03
2.934312587363644525e+03
2.938767486044040197e+03
2.923433030506220803e+03
2.929039463167498525e+03
2.922775329373513159e+03
2.923931153041515699e+03
2.956558246683714060e+03
2.929913232944862557e+03
2.913494733908952639e+03
2.939071910678161657e+03
2.934906416400006492e+03
2.909368764783705046e+03
2.948300912274241909e+03
2.902429682762495304e+03
2.895789616909124561e+03
2.936755482448086696e+03
2.901310078165672167e+03
2.917803584214871989e+03
2.939670787222386025e+03
2.922274497922945557e+03
2.949632988735240815e+03
2.945726531811873429e+03
2.951894842204414999e+03
2.938662445580672284e+03
2.940122479057856708e+03
2.930776922279862447e+03
2.917633947510365488e+03
2.924708068740524141e+03
2.916880686243717264e+03
2.940501474327607411e+03
2.932180957307369681e+03
2.929353400768658048e+03
2.916167504033775458e+03
2.940777210828280204e+03
2.917678560668375212e+03
2.905060816878053629e+03
2.933808528097013095e+03
2.913379884696819772e+03
2.928208050217768232e+03
2.936887081342664715e+03
2.940679267449193958e+03
2.933131199398163517e+03
2.890142849787687283e+03
2.920712158520678258e+03
2.926598442392372817e+03
2.942820028745336003e+03
2.942256182865402934e+03
2.940140696209669841e+03
2.927979296709317168e+03
2.924211771434227558e+03
2.933534389569488212e+03
2.942207378376154338e+03
2.934915015600574861e+03
2.911213018920284412e+03
2.899183353817552415e+03
2.899627188081401528e+03
2.907565324210547715e+03
2.914488184203514265e+03
2.941714704912115394e+03
2.940008053789131282e+03
2.931459563862220421e+03
2.908068502241765145e+03
2.942479713572521177e+03
2.943576848004598560e+03
2.949433586056830336e+03
2.931229408359345598e+03
2.928763762907733053e+03
2.927996581799345222e+03
2.922403873281886263e+03
2.941157018482687818e+03
2.922241765160396426e+03
2.911492657964054615e+03
